8.793795830890860543e+01
8.618081608339839761e+01
9.505314835039536092e+01
8.976381375009057706e+01
1.040398690447411667e+02
8.528403045698725293e+01
8.192654473108015623e+01
8.491633157112032393e+01
8.789354733280754317e+01
8.678809531260681354e+01
8.141662761116882052e+01
1.023191870757743658e+02
1.011828828569129115e+02
8.886334938342240264e+01
8.536680102597897246e+01
8.643632832022409218e+01
9.113981179895937146e+01
9.101462405191399796e+01
9.654809530037604759e+01
8.876431363169639610e+01
8.667980342667708271e+01
9.570583294487403236e+01
7.852435249064022571e+01
8.581734753918236436e+01
9.124176183108080807e+01
9.176265037550535908e+01
8.694082752417139659e+01
9.133000815162270669e+01
8.890114640518893907e+01
8.520785252090699657e+01
8.804757889606889876e+01
8.929687158414056114e+01
8.465230059483538128e+01
1.079612113735354484e+02
1.044026934278133609e+02
8.635297368247105965e+01
8.456165976399658746e+01
8.248410106723029855e+01
8.820395791195637969e+01
8.548111180223878591e+01
8.712754246988228601e+01
8.811052890305812468e+01
8.765299862372778250e+01
8.503726291288859329e+01
9.035949339781592471e+01
8.872246241620936757e+01
9.015260980811702041e+01
9.174047543110492597e+01
9.251858987769870168e+01
1.372927497814465596e+02
8.618917593184973214e+01
1.012665418968471300e+02
8.818637133987158450e+01
8.996845893797473082e+01
8.529857196359075999e+01
9.958306271783804675e+01
9.070302279631641795e+01
9.645188136671983159e+01
8.472101504960284046e+01
8.825438461680548130e+01
8.540503112862693058e+01
7.886040635674051202e+01
9.109329646560944127e+01
8.721633952389504429e+01
8.781855456343546962e+01
1.372881404829538781e+02
8.129601210374185882e+01
9.286665148794764946e+01
1.117836845316453207e+02
8.911359792821943415e+01
8.492025113997428321e+01
8.626355936728519680e+01
8.539768413885630594e+01
9.002076513495275378e+01
9.200691686525273383e+01
8.518983157196696254e+01
8.492756133732041235e+01
8.497186010289551916e+01
8.589093233301345265e+01
9.033742507142085287e+01
9.362898946779161236e+01
9.884561149753535858e+01
8.720392114478514145e+01
8.582625112502276465e+01
8.877980600900284003e+01
8.908081485691094770e+01
1.025974384882402575e+02
9.516271415343693718e+01
8.499672969324664962e+01
8.690560912680219019e+01
8.468228791214636431e+01
9.187518622794299006e+01
8.607555079330762737e+01
8.760384864275492589e+01
7.757761448110760227e+01
8.984459874070094543e+01
1.047058945371506411e+02
8.781262724834688527e+01
8.526645404319785371e+01
1.026375185187944510e+02
8.785170829078465715e+01
9.430604191983825046e+01
8.762712212276579749e+01
8.381085270328280501e+01
9.152222567609999260e+01
8.699958723078927392e+01
9.036587058967745634e+01
8.963862809666368037e+01
8.847788202561760329e+01
1.044428138769940091e+02
9.707458459853152988e+01
1.028587500744698247e+02
8.813158638883413687e+01
8.716465538319056350e+01
1.047683866123915095e+02
1.012367390694229954e+02
1.024246015393400739e+02
8.531096460754575617e+01
8.584345601166816664e+01
8.909305775551491990e+01
1.038054097520393952e+02
9.915704805481536255e+01
8.662125506412384368e+01
8.174020288273086976e+01
9.724329606202410048e+01
9.098043100549040219e+01
8.990953081615161580e+01
8.961626977339763300e+01
8.817550498368620993e+01
9.827154819742868597e+01
8.808579732091588710e+01
8.601894833948709618e+01
9.888783600096766691e+01
9.519567689863370674e+01
8.494004131010359515e+01
8.467363373035750840e+01
8.662246088916900533e+01
8.670449620110909450e+01
1.096471718383200482e+02
8.317451186412802144e+01
8.290607777957534097e+01
8.584396682189036198e+01
8.551967982384621791e+01
9.080535216040250646e+01
1.076010521247419547e+02
8.478545385615502994e+01
8.789592237564762911e+01
1.163990360245036442e+02
1.024971038826657548e+02
9.756211825018824868e+01
9.307288467534847598e+01
1.254998851778840674e+02
1.022537162232181345e+02
8.969209917592122849e+01
1.290713853200706467e+02
1.278950172586459502e+02
8.473809924066901544e+01
8.788092601047753760e+01
1.044458025344254111e+02
8.763761029791257329e+01
8.508005042439441468e+01
8.587549112025143927e+01
8.515080218325907424e+01
8.392619099719317433e+01
8.352224683713527043e+01
8.832392602314017438e+01
7.616485776061253432e+01
9.216293722216846618e+01
8.678795104428850493e+01
8.478177294458829749e+01
8.494704568541108358e+01
8.505309084397912045e+01
8.553375435970292529e+01
8.543186641392429692e+01
8.537313127758727660e+01
8.522098138846813242e+01
8.568828843111275262e+01
1.298184641783412872e+02
8.555498782050975137e+01
8.756289304581042643e+01
8.365990830854993021e+01
1.126852027192425254e+02
8.484999567470445925e+01
9.239315173835382211e+01
8.951436232043708685e+01
1.066878606712431719e+02
9.638175716757554312e+01
9.992343198256888570e+01
8.619929413861706280e+01
8.977227592839135184e+01
8.663447900969228499e+01
8.354089741181806517e+01
9.155745267660508091e+01
8.107535177532575688e+01
1.104920416506109575e+02
9.386857696703643228e+01
1.537595257152580359e+02
8.907630575985342603e+01
9.040894335309457119e+01
7.636396984126044174e+01
1.030760431787819584e+02
8.929084577697332747e+01
8.533707217234845643e+01
9.930670091332316929e+01
9.465766213139146146e+01
8.719135099975470382e+01
9.003493711140168898e+01
8.200072873835702580e+01
8.547993855260087059e+01
8.714492743943600317e+01
9.108606537960639571e+01
9.164948895730054801e+01
8.784984274446171071e+01
8.485504692098773205e+01
7.142984309678824673e+01
1.092761265827969339e+02
8.853767357996962062e+01
8.553923106939728882e+01
8.931671363663834029e+01
1.240396461839665392e+02
8.542958239191995062e+01
8.601229289087450525e+01
8.080588861406350532e+01
7.447918229277343016e+01
8.762320404607065427e+01
9.508869088202797570e+01
8.534326295654422267e+01
8.525811298011024064e+01
6.768405177305854181e+01
8.733421725350618203e+01
8.690387734894380856e+01
7.179177675181236395e+01
8.538895999634334544e+01
1.041963233420107002e+02
1.041526541276636237e+02
8.747257531340305547e+01
8.699188257866717322e+01
1.326786689607870073e+02
9.169481196733589456e+01
8.259490573686613857e+01
9.702485533702198950e+01
6.635884318299521567e+01
8.524520635387274581e+01
8.793365731065934199e+01
8.553731448970204099e+01
8.577157778410372657e+01
9.038936071141172590e+01
8.953221742330961774e+01
8.853310178202428915e+01
9.100912707751515995e+01
8.404954961785330170e+01
8.729658695457590056e+01
9.551283584712362540e+01
9.112007498949205342e+01
9.054988107813970544e+01
8.607185215025153013e+01
9.944669821035385837e+01
8.903197977331086577e+01
8.472807584478724152e+01
1.004863347506190507e+02
8.413672253867916595e+01
9.986796521107102365e+01
8.478303445156872442e+01
8.569258829679884570e+01
7.808612074150636317e+01
9.988800742363997642e+01
8.688204466297558781e+01
9.163376586593821571e+01
8.724602792818826913e+01
1.186144909646509120e+02
8.549003188343566251e+01
8.488674456776462307e+01
9.090740761903154521e+01
8.733538939344622065e+01
8.536012457713259494e+01
8.736841837255482801e+01
1.186757805088537054e+02
1.038442509914277707e+02
9.509844235010521629e+01
8.575528966009946430e+01
8.467113491755725363e+01
7.941396683185007532e+01
8.583219214347414550e+01
8.793160629997933597e+01
8.568388132660452072e+01
9.118824640191836295e+01
9.599019441575988765e+01
9.657979259176102005e+01
8.835535474772238729e+01
8.594264156950197275e+01
1.127188649005588701e+02
8.897958642582342748e+01
8.656432522801596008e+01
1.072913401664491033e+02
8.475254731984909995e+01
8.579741786438344775e+01
8.585958660329231407e+01
8.285860657966219378e+01
8.675148552978996008e+01
8.853682519243596971e+01
1.134507115520409144e+02
8.495660708551164930e+01
9.331905099827538663e+01
8.471181112659769497e+01
8.621107401584185936e+01
9.981130542586383569e+01
1.025778993180980336e+02
9.020824897172386159e+01
9.506316083475473988e+01
8.782297665674762754e+01
8.904088308695884280e+01
8.628700948041579011e+01
8.370041315222317735e+01
8.614970842061498502e+01
8.493577209219918700e+01
8.674743991202093696e+01
1.056258033140919110e+02
1.032562666278642212e+02
8.415037358254942035e+01
8.607930061996526661e+01
8.527290730125717744e+01
1.063037945320497215e+02
1.056809093268636559e+02
9.160448054176819710e+01
1.014526911981765664e+02
8.896904406485866446e+01
8.578316844446850098e+01
8.248362944290097687e+01
9.054247156718113843e+01
8.180086313677361431e+01
8.407524295690761562e+01
1.062572735991646624e+02
8.450060393387936131e+01
8.524809736907825197e+01
8.520464176954611446e+01
1.059310431080947694e+02
1.128551477727646386e+02
1.014273204096491980e+02
8.968212030375185861e+01
8.535952699959786116e+01
8.713452649515298276e+01
1.323979097141424006e+02
9.101440401944776681e+01
8.740676831707065730e+01
8.787607534961863109e+01
8.490668400298338270e+01
8.654628009564304136e+01
9.127375716125628458e+01
8.872632895750480486e+01
8.538690013745814156e+01
1.232180979126386831e+02
1.200004033843842848e+02
1.083474631718160595e+02
1.025354481831644335e+02
8.540239131172455700e+01
1.031369536583697055e+02
8.494156540441476011e+01
8.913614435312564410e+01
8.942479351575661894e+01
8.593695231521095934e+01
8.544353261950732303e+01
8.612266234429057477e+01
8.730540970138606838e+01
1.123592838092721706e+02
8.833917614455367584e+01
8.407050376081559762e+01
8.756074917450177963e+01
7.845605808281979421e+01
9.468932555263165796e+01
1.013028153243206759e+02
9.366294848237235726e+01
8.651838229804558011e+01
1.023488817088900049e+02
8.496299705461036922e+01
9.032228221229337350e+01
8.615109492350876508e+01
8.899010126190147218e+01
8.407486814302902189e+01
9.093657080585253993e+01
1.050770963881825537e+02
8.667798091885261158e+01
1.040782267327232233e+02
8.940683596073364470e+01
8.089639233222469272e+01
1.006754148497672219e+02
8.571253732590366781e+01
8.526740400971623046e+01
8.677955001171466165e+01
9.373411999481314183e+01
9.029762536848657817e+01
1.004383043138020071e+02
1.023250357875636496e+02
8.885128638659573141e+01
8.497936664291528075e+01
8.847314147873537138e+01
8.743105796104491390e+01
1.084633801912631128e+02
1.001335770320361718e+02
8.855579264812472218e+01
7.935183077684303043e+01
1.285893375301509423e+02
9.025359782051661739e+01
9.658094001976837717e+01
8.612221537347349454e+01
8.080929464229079429e+01
8.643228207776206773e+01
8.655635715428932997e+01
9.275366061057972900e+01
8.607736447867350194e+01
8.426493361543582239e+01
9.550278978231321503e+01
9.049712572017148204e+01
8.838710303381938616e+01
8.706663952399625828e+01
8.613056175591074748e+01
8.909567059600011873e+01
1.099288172375680688e+02
8.534424690157814553e+01
8.174304539524426616e+01
9.210546137663870070e+01
8.449859863269836069e+01
9.751406179435345223e+01
1.027254798209682747e+02
9.252890104329642895e+01
9.041345425974265027e+01
8.899876116873626586e+01
1.137976321167722205e+02
8.714209640662861034e+01
8.218847754055254029e+01
8.554014826155861329e+01
1.077376611249639780e+02
8.525486117553057852e+01
6.307393383719931990e+01
8.871345738732242125e+01
1.015888454956264013e+02
8.794263576134098059e+01
8.349747435977698728e+01
9.833312964912670395e+01
9.681735806884053375e+01
8.390773785298888754e+01
8.509556060064336691e+01
8.844604103509254855e+01
9.013020863593891363e+01
8.634553199992942041e+01
8.987470905378827979e+01
8.593393119820109405e+01
8.957810181106495406e+01
8.557063138297667138e+01
7.960977128088477173e+01
8.654435901739245196e+01
8.790404038593118230e+01
8.516347275528035254e+01
8.593895381268910683e+01
8.002306187214229283e+01
8.480817714000889396e+01
8.241999092937615501e+01
7.803974928369196107e+01
7.454071150667186885e+01
9.153452931937277981e+01
1.027598182038060912e+02
7.957578044805326556e+01
1.069939947046693760e+02
8.724035323580433499e+01
1.124866463210559147e+02
8.338151929921869510e+01
8.829734265316645292e+01
9.135534395770338278e+01
8.849051057399182696e+01
8.743931448300288878e+01
8.947798878726774774e+01
8.488482641627517467e+01
8.773563714167030980e+01
8.339283082938604252e+01
1.119097308687122734e+02
8.925444352624900546e+01
8.765256293847913582e+01
8.229822229452909710e+01
8.536889547340057049e+01
1.255675478984257296e+02
8.664008441697208696e+01
8.391823290982217998e+01
9.516581122498376999e+01
1.223293710318777556e+02
8.551336451568761277e+01
9.977359709019472689e+01
9.540026291250201496e+01
1.167934458679832943e+02
1.025359499329997135e+02
8.419783590554483510e+01
1.023858400074327761e+02
9.125420518733186270e+01
8.570160494341232038e+01
9.091899950738552150e+01
1.277520551953052177e+02
8.643245394041605323e+01
8.701009904739559886e+01
1.155674321345379383e+02
9.066117227928384636e+01
8.420311863056782897e+01
8.542722311898981502e+01
9.190461786895556884e+01
8.493080004562702356e+01
9.215873340425382310e+01
8.652710263194246920e+01
8.830174212208635254e+01
8.534677010541045661e+01
8.477505723318358832e+01
8.496613287066848841e+01
9.145408818590033206e+01
9.457143538748780998e+01
8.536343839109467524e+01
8.643078594885263044e+01
8.394621917423816626e+01
1.117458477804631087e+02
1.045145025325649044e+02
9.143395803011961220e+01
8.746313179609269639e+01
9.527102795490783649e+01
9.030249562939359009e+01
8.167250760051004477e+01
8.554559430594140679e+01
8.963815670152831672e+01
1.043141039690015077e+02
9.071461367828970879e+01
8.739164266373022372e+01
8.918981986837755471e+01
8.858083836378564513e+01
8.975610662038394594e+01
1.314877250929083061e+02
7.378108356687296521e+01
9.681412160441507808e+01
9.302898013768367491e+01
8.548558495901544063e+01
8.884192411698556668e+01
9.015557845253313474e+01
1.177093318427796333e+02
8.606374795455819537e+01
8.041531695872632213e+01
8.056961614637077673e+01
8.989987549254279031e+01
8.843909322581012589e+01
1.379282309673759244e+02
7.686372537002452532e+01
7.751488907041836285e+01
9.267573278728754360e+01
8.765173763231653936e+01
1.284334479227487407e+02
9.281217041338899776e+01
1.168644023546832926e+02
8.894263542342056894e+01
9.857880465856763408e+01
1.074263298606377930e+02
8.926556963176091131e+01
8.620349638805696202e+01
8.484858473909754650e+01
1.087116558877559100e+02
8.479460970042035228e+01
8.679673385739454261e+01
8.593210839089009312e+01
1.041467254278848600e+02
8.157894903059080605e+01
8.053697617972507317e+01
9.002479824803299380e+01
1.252388846928181465e+02
8.658686688390982056e+01
8.876019927334877480e+01
8.673330268707037760e+01
8.728104340946437389e+01
8.438792931644827888e+01
8.374375554859123838e+01
9.779636768504080635e+01
8.424453287292146797e+01
1.114808951375919861e+02
9.856237042914538904e+01
8.504861705877964084e+01
8.507650177153225002e+01
8.481369580613197456e+01
8.532559540700916045e+01
8.790540955060005501e+01
9.233991231880567341e+01
9.196055837646390785e+01
8.913765195201385438e+01
1.073528258076691344e+02
8.446095135545157007e+01
7.971379691826601288e+01
8.442770575210562356e+01
1.402288743036521339e+02
8.139836814069953164e+01
8.520492716450608839e+01
1.104882925123070692e+02
8.549466655888933531e+01
8.653313466332343751e+01
9.718919415999742739e+01
8.566900301281098962e+01
8.670656454862721318e+01
8.331583553239254059e+01
8.599470839467977612e+01
1.017315580427230230e+02
8.486207123804597074e+01
9.044669467843532118e+01
8.649101401468440997e+01
9.969571418744008895e+01
8.340141662945175938e+01
8.754509082818613308e+01
8.730824932585909437e+01
8.488535241575598889e+01
9.367698353694218838e+01
8.554845914008080854e+01
1.318407128266476604e+02
7.397876049759371142e+01
8.613029253138277852e+01
7.659411851344523825e+01
1.062071980024492177e+02
8.560229135262181899e+01
8.508778270410905975e+01
8.738181443577916241e+01
8.659423079155784819e+01
9.767722777304324211e+01
8.764374240097107815e+01
8.565350502814192168e+01
8.738393262805517736e+01
8.559936021169559694e+01
8.657670083552758911e+01
1.026323134282557277e+02
9.495068449368098129e+01
9.044781174362961451e+01
9.892362903819888231e+01
1.160775261852972875e+02
8.979074053741560135e+01
8.304000405899996906e+01
8.545270910470564729e+01
8.877479261793790499e+01
1.072693121178091502e+02
8.681594124794500544e+01
8.483999285556947711e+01
8.605120575635476143e+01
6.979499633627571598e+01
8.416810797104837150e+01
8.800040363262249343e+01
8.523504725174609575e+01
7.489667664238393741e+01
1.215683636823554252e+02
9.145785384876290891e+01
8.744420305067377797e+01
9.151399387664575613e+01
9.069530316630171285e+01
7.367994436624888976e+01
8.485160260414956213e+01
9.868397516811634773e+01
9.292619681948464461e+01
8.750980662014544009e+01
9.034049795459574739e+01
8.962987104255914517e+01
8.717510605343230168e+01
8.813637505680617323e+01
8.562409592191676211e+01
1.062639231752886957e+02
8.638303885765664347e+01
8.676071766256369244e+01
9.977104898795451504e+01
1.029067642011809198e+02
9.296463159419349154e+01
6.592831840560610601e+01
8.622185853822111312e+01
8.561501332338225723e+01
8.516138128028941878e+01
9.924790228507013978e+01
8.414513725124965049e+01
8.607005133495633231e+01
8.844180989227446332e+01
9.002198574938924480e+01
7.416058733127883329e+01
7.778458803297344559e+01
1.213942458684668964e+02
8.764254284730137101e+01
8.223927395361593540e+01
8.551853685252395110e+01
9.829117286323179314e+01
8.499799934204881424e+01
1.017667729018388201e+02
1.004660992233661574e+02
9.643776092199020411e+01
8.983273728425527338e+01
8.609430266554164746e+01
1.147352939468224378e+02
7.437643426849520267e+01
8.321630964221085947e+01
1.169694189048440336e+02
1.106634626828492571e+02
9.092455823238552171e+01
8.472481665709767640e+01
1.144208218028300763e+02
1.117905063640387482e+02
8.385725978172118289e+01
9.045683804687951124e+01
8.541569718774783837e+01
1.225833179745179393e+02
8.688505169690074581e+01
8.792919383736666816e+01
1.156096636301897718e+02
8.526897744235644439e+01
9.527588317331439782e+01
1.529771166193129091e+02
8.589065847360144801e+01
7.266833086769631223e+01
8.489653194145431314e+01
9.107762224998619160e+01
1.053533245706100843e+02
9.304549286788629558e+01
8.513953003770402006e+01
8.588995180349425596e+01
8.585358887257035576e+01
8.731579253762805592e+01
8.426014390868058967e+01
8.459054495800245377e+01
8.699382865401696563e+01
8.594434435466496325e+01
8.763499917422414853e+01
9.289961558893476479e+01
8.675036281708040065e+01
8.585077159712027139e+01
8.722295803590158414e+01
8.686406245695987138e+01
9.579330695277901953e+01
9.202287147200021877e+01
8.045282726295178577e+01
8.300699728897674845e+01
8.599946324195042280e+01
8.515199974257761539e+01
8.615948826139074868e+01
8.624395024325428949e+01
9.155451907554241586e+01
9.767933433625267980e+01
9.236371188967984835e+01
8.568023698424293855e+01
9.282963804001394692e+01
1.106698280942334378e+02
1.095696467352523626e+02
7.477939241788872948e+01
8.607242078525024453e+01
9.891911538227560641e+01
8.863614946529366989e+01
8.725451034120528959e+01
8.430342505264754038e+01
8.567795312030597188e+01
8.411664248323504012e+01
7.678828096116323820e+01
1.025169899813868142e+02
8.324222997432869420e+01
8.985527949313822660e+01
8.806118414212478740e+01
8.561220970186101908e+01
1.166674329963265109e+02
8.762306207065105923e+01
8.817305309811396796e+01
1.063590293239749656e+02
8.448005500903305176e+01
8.530130264835553078e+01
1.054464141213424710e+02
8.287551848357135498e+01
8.934043473545963820e+01
8.470946966462098260e+01
8.938125874206336618e+01
9.317520327564754723e+01
9.163989999151095844e+01
9.443534417212556775e+01
9.088028225100775614e+01
1.382508881057421490e+02
8.563839451059061503e+01
9.348291338440078846e+01
8.531776995481212111e+01
8.688790306863502622e+01
1.037312860630704563e+02
1.112237137097163640e+02
9.197642640250366242e+01
8.998178979817160439e+01
7.470096983405019841e+01
8.579559185224711371e+01
8.952229237857706323e+01
9.106306863105356797e+01
8.585274807035906974e+01
8.530907398210516135e+01
8.909316215503358194e+01
8.579301328180733321e+01
9.243127736707035069e+01
1.003197916458038463e+02
8.511469916940646385e+01
9.169428712142901361e+01
8.575910817690827059e+01
1.314762339657358723e+02
8.618074429816809356e+01
9.039594944843695146e+01
8.491337323634181189e+01
8.377378449942712280e+01
1.056402587011024536e+02
9.504076791293323367e+01
9.585463458032920414e+01
9.325663484883482113e+01
9.182670841777425608e+01
8.957598432685949774e+01
9.139843074882415408e+01
8.805838624010540627e+01
8.404971064200708497e+01
1.017609257558184197e+02
8.583677049535225478e+01
8.577434167516040020e+01
8.098329285586868309e+01
9.056918143576949376e+01
1.043355607905649833e+02
8.805103136845869471e+01
9.115534600328179238e+01
8.841260925040442942e+01
8.561698353329718714e+01
8.850707913792969350e+01
8.487237200030837414e+01
8.402356562047854993e+01
8.810013735264459456e+01
9.075723455970124576e+01
1.580453834482969739e+02
8.631981582668106512e+01
9.730426172814964048e+01
9.490901297971181805e+01
1.124487605323118373e+02
8.644183021055549432e+01
8.263241938721306212e+01
9.082682281211732800e+01
8.217026518480037112e+01
9.462730706877218267e+01
8.754557793511095554e+01
1.004506485254068622e+02
8.463902640032618763e+01
9.227021973410707290e+01
8.471386997471637414e+01
1.091596435497626629e+02
8.453690860047858280e+01
8.541552996690238331e+01
8.906066193405396803e+01
8.777275874617834006e+01
1.081999348569482748e+02
8.703226871287847644e+01
8.568368677540124168e+01
8.610105299579790028e+01
8.683824863903463154e+01
8.957150726543173391e+01
8.537091523250708747e+01
9.038267489200070770e+01
1.453271501028338264e+02
8.984941404915832663e+01
8.588994293393869839e+01
8.912033822387040516e+01
1.070057249664537125e+02
8.510551254648650854e+01
8.609712809880807072e+01
8.629039711554980840e+01
9.782307507287390536e+01
8.478293363026126883e+01
8.757433579193121886e+01
1.035066207690054938e+02
8.756769296049249363e+01
8.401701809017717437e+01
8.528988554553032486e+01
8.801741400544742078e+01
8.963129067839662412e+01
8.720972337872538560e+01
8.531871187839908544e+01
8.618008004724799775e+01
8.505891337069760993e+01
8.494502164633040309e+01
8.963177442896028424e+01
8.765558693004304303e+01
7.764252342351883840e+01
9.689964740476918337e+01
8.547262155413413609e+01
8.901490825004900387e+01
7.862219820232256495e+01
8.652684979668043752e+01
9.156250876169150388e+01
8.483256782083681458e+01
8.812979079799227122e+01
9.044681578579246661e+01
8.565519735961431991e+01
8.251793548187679050e+01
8.753807395950738623e+01
7.943440325418825410e+01
9.182914085943023963e+01
8.340168486372934353e+01
8.539997930291599459e+01
1.157587722241963348e+02
9.122669655269005773e+01
9.583689528777684075e+01
9.349548419378520236e+01
8.541468152492286947e+01
8.411239308621755129e+01
8.569886457889111853e+01
8.653839072129990484e+01
8.520914768299304853e+01
8.585630816708888347e+01
8.700225577157061707e+01
1.168117156243293095e+02
9.822188603567809650e+01
9.359200676776841021e+01
1.043007876298396752e+02
8.537475077879173568e+01
8.097606020806146887e+01
8.400033157842838705e+01
1.013514364435719557e+02
1.381716869565351260e+02
9.618159372744625557e+01
8.529896332366374168e+01
9.742667915939283318e+01
9.136289417206259600e+01
9.718453319132819956e+01
8.067824784905643298e+01
8.634338209902843175e+01
8.278985591207964490e+01
8.602889519743558822e+01
8.829155294521083874e+01
8.515735990616758500e+01
8.295681886144348027e+01
8.032606442150046178e+01
8.757996820984151043e+01
8.961715075976638900e+01
1.103135012941629043e+02
8.509093772205913808e+01
9.154886069480025412e+01
8.937000121968442556e+01
8.012273084024123193e+01
1.058850109653644438e+02
9.523191544722986634e+01
1.060716030097432565e+02
7.294564915146345641e+01
9.183116443452769317e+01
8.894987801766875180e+01
8.689219807603781476e+01
8.300578055900608376e+01
8.613983799194426183e+01
9.142633275475877497e+01
8.537103934314238529e+01
8.622583627768662495e+01
8.904531338089465464e+01
9.780729718447376797e+01
1.172485476749588997e+02
8.975480254408326175e+01
8.588588675173758702e+01
8.752522760457274842e+01
8.722546160286772476e+01
8.869991845308678080e+01
8.346396812907062213e+01
9.307687074982942477e+01
1.184415178913929054e+02
8.303998501815027566e+01
8.524658836502401016e+01
9.409473244257858937e+01
8.923687762446560612e+01
9.006536864535219422e+01
8.814838490069401189e+01
8.106569455536924806e+01
8.544995841745109999e+01
1.085668543457837956e+02
9.699180434218847324e+01
8.530283569978701053e+01
1.054173144067474226e+02
8.721513919833201101e+01
8.849246802896198005e+01
8.682028981842843507e+01
8.642973494730891559e+01
8.995711995605675781e+01
9.004154830388985431e+01
8.728982942508643816e+01
8.992554024158286552e+01
8.496916260171425961e+01
8.465054909015658779e+01
1.051390274890803909e+02
8.614305030648284855e+01
8.349485597056235520e+01
1.156474285586725301e+02
7.417963871856049707e+01
9.025717368910062532e+01
8.487577362608280396e+01
8.714706540189143880e+01
9.422845774038560762e+01
8.720116768481582881e+01
9.550736594090783171e+01
1.017145268669229381e+02
8.740042383403347515e+01
8.736893616382720040e+01
8.431956927968451510e+01
8.567105201844151452e+01
8.454184590877585492e+01
9.617564915637538547e+01
9.402354568031002202e+01
1.325929099432663918e+02
8.546695919199875391e+01
8.242755828799654694e+01
8.177399238721551455e+01
8.977674175217869390e+01
8.934917931994631601e+01
9.095454939075840173e+01
8.960856573805901348e+01
8.710790247103027184e+01
1.359645192534405567e+02
1.085253069423748542e+02
9.619817278517176362e+01
8.652704656668143457e+01
8.755616747972663916e+01
8.576122716345220454e+01
1.210918277605213262e+02
8.073994758426057672e+01
8.342316666885639620e+01
8.386487637453656419e+01
1.222635016250278710e+02
8.416355129840061977e+01
8.509115731920033454e+01
9.045706294748386256e+01
8.728029961694802807e+01
1.501137636398223947e+02
8.706294315572500864e+01
8.727146595463727863e+01
8.651198697519851066e+01
8.928127786949495714e+01
1.042096403143095813e+02
8.634387181971219150e+01
8.812254561612864734e+01
7.874600581765746199e+01
9.891645044377202112e+01
8.511704781401491005e+01
9.062247805502423148e+01
1.149059310756966283e+02
8.594811098857682907e+01
8.516019348222185670e+01
9.706632620834038505e+01
8.543846128236067727e+01
8.444582592137126653e+01
9.618747834600947044e+01
8.619437511248300154e+01
8.545443893706158178e+01
8.484509653222913528e+01
8.599031962618910541e+01
8.687566370411151695e+01
1.120657302092218828e+02
7.504830447016422568e+01
1.297618474655542684e+02
1.002791125630232187e+02
8.527798863681003638e+01
8.719151464146392527e+01
8.118337027396627548e+01
8.526100453826896342e+01
1.075837124573976666e+02
8.403360982109448685e+01
8.577914036468010295e+01
9.977794408986058272e+01
9.830348134973860397e+01
9.454472599986968362e+01
9.226737338018804735e+01
1.000312054348107438e+02
8.758529996099746029e+01
7.948271161789620010e+01
8.715617088740391694e+01
8.712445834346878826e+01
8.802458282690487579e+01
1.116938975532986689e+02
8.626616712011018251e+01
8.490016512138670635e+01
8.625399569964311297e+01
9.178963160897025375e+01
9.918618091247951440e+01
1.091071214876889002e+02
1.088258790489182388e+02
8.315496879682540055e+01
8.714985790186734960e+01
9.152788073650633294e+01
7.823485511736426190e+01
8.762284824569101715e+01
8.452530421540105010e+01
8.506669664269712428e+01
9.325989381309248927e+01
1.279049121019748299e+02
9.355571018454668319e+01
8.706815471727929889e+01
8.613421887993379755e+01
9.797343181564335168e+01
8.113933289188689457e+01
1.035205364170262499e+02
8.903131656971136465e+01
8.904976540951643926e+01
1.151981967421931898e+02
8.916626141817741313e+01
8.845760110251319475e+01
8.211550777891464747e+01
8.856473802862049638e+01
8.566358354908561523e+01
8.499329796460047248e+01
8.822908398173433397e+01
8.806787679649652034e+01
1.029847655644299209e+02
8.296585523861882905e+01
8.696442368612426321e+01
8.268351883769355481e+01
9.132279674330608543e+01
8.864479983575461119e+01
8.820049089637892337e+01
8.989069935531654210e+01
8.451045442119888662e+01
1.073513413085282480e+02
8.550271771056247871e+01
1.202293782773485447e+02
8.811454382076999536e+01
8.812834338743402895e+01
8.209221626471514810e+01
1.063030949519424553e+02
1.087823272136960213e+02
8.984606300361394915e+01
8.599958533155036378e+01
8.648541554578254420e+01
8.849704520660620233e+01
9.875328572715064013e+01
9.863818005951051759e+01
8.723454132970657326e+01
9.612821536071992057e+01
9.069713120462772338e+01
1.366033530739998128e+02
1.061075651956513752e+02
8.617789729644135832e+01
8.463247066591047485e+01
8.327325691200002211e+01
1.082196846032922934e+02
7.920461870597091547e+01
8.569745626834091468e+01
8.559035380230855594e+01
9.944698670875473567e+01
8.327923746632114899e+01
8.563553287664335301e+01
9.949827637597348939e+01
8.497779614416694471e+01
8.450953912909118060e+01
1.066925043971103406e+02
1.099635417689649870e+02
8.727638183843961883e+01
8.759921291260594955e+01
8.645851002501689209e+01
8.647875719720116194e+01
1.010321470106793669e+02
8.839602414864997115e+01
8.480433182080176380e+01
8.645751312930903509e+01
8.471005626364964769e+01
8.926332552839788548e+01
8.538713608272716726e+01
8.793533796369071354e+01
8.833569748208384453e+01
8.381213182228074743e+01
9.073720693286308858e+01
8.780060681944054579e+01
8.398486987630802503e+01
8.102620227421118670e+01
8.800754161710074186e+01
8.495317670078983951e+01
8.828592137601118850e+01
7.583945567483500838e+01
9.293710674311427056e+01
9.373496298403847504e+01
8.474449776601800011e+01
8.725850306906613696e+01
8.631287939659199537e+01
1.041934022598805285e+02
8.424734294981485050e+01
8.503977015726036370e+01
9.030438098777935352e+01
9.078929568842775666e+01
1.019344644342686905e+02
9.270357738226697109e+01
8.577657844490187244e+01
1.103107276503702536e+02
8.730314116306186634e+01
1.374313599743549048e+02
8.493962312500843836e+01
8.011557139213957157e+01
9.253677241125730291e+01
9.583883951170314219e+01
9.176016335775045718e+01
8.736320198649652014e+01
8.693066224473787429e+01
8.734368360368738138e+01
1.044266690032590077e+02
8.602047810593305144e+01
1.037016156154939068e+02
9.755258861248124447e+01
8.795741108843955658e+01
9.330659343434621178e+01
8.461476261986923930e+01
9.649995607803802500e+01
8.566025015699074174e+01
8.021516497431626647e+01
8.969639099401561566e+01
8.936934452433588660e+01
9.074875470217045859e+01
8.337807749838371763e+01
9.580216765256773215e+01
8.282387339164648665e+01
8.857269977527629123e+01
9.056362350210521583e+01
9.362824014563558706e+01
8.412405233370044755e+01
8.677254617580018703e+01
1.108913196494782056e+02
1.132600940148825970e+02
8.710393379702755112e+01
1.296973019813438839e+02
7.043699955779909772e+01
8.817199100577710169e+01
8.763762894687152993e+01
8.671276916823427428e+01
1.061318657684133768e+02
8.890310291113902963e+01
7.914784221015354149e+01
1.269401137467286134e+02
7.238224528105227762e+01
9.228608197273376845e+01
8.850626523306780769e+01
8.407156933554840350e+01
7.170239244864761474e+01
9.449984880945822852e+01
9.197197473486089336e+01
8.519325606536739315e+01
8.613886934224667868e+01
8.541913833501078557e+01
1.202872215912751983e+02
8.275203442685217681e+01
9.113359367347868556e+01
8.372710882469797866e+01
8.600795587722878111e+01
8.532203425463306701e+01
8.451970647252117885e+01
8.718802495834279398e+01
8.542406404425270239e+01
8.829920822690891669e+01
8.764719720095745004e+01
8.931332534854057315e+01
9.047435195107438233e+01
8.767023190452000847e+01
8.670558454940064053e+01
8.536581971668604751e+01
8.556112214680118200e+01
8.794887671799713758e+01
8.278733153228905906e+01
8.268767610434667858e+01
8.306489751426995838e+01
9.733216813093009989e+01
8.872631427639264245e+01
8.628666991270631570e+01
8.092515393156816117e+01
9.312971481069054391e+01
8.420639706690477055e+01
9.088610531778417112e+01
7.915878759269845943e+01
8.384872539983558681e+01
8.445654678145506011e+01
9.123886504913791384e+01
1.069162358068435026e+02
9.979292395983409847e+01
8.812333805423638466e+01
8.868348170402062181e+01
7.335303399264813606e+01
9.040127446882162587e+01
1.001106038364727766e+02
9.615119811084346679e+01
8.951709701112113748e+01
1.319208721553485191e+02
8.995151461233503198e+01
8.898606236721320784e+01
8.868957704334390257e+01
8.415612723130578843e+01
1.189719184801928975e+02
8.498556611965872776e+01
8.961888683063276062e+01
9.028357140442444972e+01
8.455011550031673551e+01
8.682070523253233318e+01
8.749186416560145574e+01
8.646846828963259668e+01
1.064038611750886076e+02
1.175094666891424993e+02
8.500353703391117222e+01
1.152785910409501611e+02
8.752418361516747325e+01
8.705544208153760621e+01
8.716351360914943314e+01
8.522574867212279059e+01
9.295349668265554044e+01
1.037896128585601048e+02
8.638474983845405575e+01
8.557198052580466197e+01
9.414211264643543586e+01
8.636195396018500503e+01
8.358386903546367819e+01
8.588050197573944899e+01
8.655711817350750437e+01
1.031393987261703273e+02
9.276373265049394945e+01
8.694491821510689533e+01
8.483613759615249705e+01
8.205656667952234784e+01
8.822943996907332576e+01
9.883901038689772633e+01
9.840041372113451246e+01
8.466312741815578136e+01
8.761452348696721515e+01
8.520991216566009996e+01
8.211356565350125436e+01
8.812036734460876630e+01
1.192584396612876247e+02
8.457089325569931759e+01
8.767984180407523809e+01
9.102863949633155016e+01
8.585847517984778676e+01
8.363391786883272516e+01
9.105733524589547301e+01
8.372279410153026902e+01
8.482332078718363277e+01
8.402109537933814920e+01
9.080905664498006047e+01
1.212480076209397026e+02
8.690544365764567658e+01
8.606920959014055938e+01
9.947922975533742829e+01
8.730919990149817522e+01
8.897140009742264510e+01
9.436644124272352485e+01
8.432200213477763384e+01
1.056447460010633534e+02
9.059407925268999406e+01
9.024481479065123324e+01
1.046328122721807006e+02
8.562480177812160775e+01
8.632459963762350696e+01
8.676504848368099942e+01
1.013831973388825674e+02
8.481318624395134975e+01
9.608793383109002662e+01
1.176824150019905204e+02
8.702540810478180333e+01
9.438596223361331283e+01
8.843303680335860406e+01
8.339689587135545423e+01
8.554229704608427198e+01
8.759006698093024568e+01
8.626515378834706382e+01
8.474831667969118598e+01
9.102680322790583034e+01
9.696334295832409111e+01
8.409991220858537986e+01
8.511714314202825449e+01
8.814749348876246415e+01
9.304115453925216173e+01
7.202434772934557827e+01
8.515886738237156806e+01
9.038689764308416841e+01
8.570466880399739296e+01
8.609664913770468786e+01
9.208839020786547280e+01
1.178500362875204246e+02
8.141644298616297704e+01
8.535898141618928037e+01
8.535882240316291814e+01
1.027683820103804067e+02
8.521835093008782280e+01
9.575255708718221115e+01
8.670998146525164429e+01
8.932473517862717927e+01
8.863262273341356945e+01
9.170460127428492569e+01
9.173785037080153870e+01
1.195458208304008849e+02
1.253256371473097062e+02
1.064445725863220105e+02
8.713110643410414013e+01
8.601538061640621891e+01
1.208524541257269789e+02
8.910988612962428590e+01
7.511127984547358949e+01
8.566081339817330331e+01
8.649955921611982035e+01
8.954039608168191933e+01
8.549792112065419758e+01
6.301504244720856462e+01
1.076590287663331509e+02
8.855211891589360107e+01
8.589701229620050071e+01
1.447758420458652893e+02
8.490745987544856632e+01
9.640948038903671602e+01
9.054405111020049901e+01
8.563637615340397247e+01
9.360962904357059244e+01
8.286910087826370841e+01
8.491726410722395713e+01
7.636130775816886285e+01
8.978866820348184774e+01
8.789362128420533793e+01
8.926907745749777234e+01
8.192834414250030761e+01
8.599056385358245791e+01
8.883452723787516447e+01
7.785069009838068155e+01
8.493335530115508902e+01
7.898813191663550981e+01
8.720506501772777597e+01
9.287774411573678890e+01
8.969909187202623002e+01
8.844970541077277915e+01
8.830711628281812864e+01
9.681106332622313460e+01
8.622190408692804908e+01
1.377453966313751152e+02
8.002078828919823650e+01
8.486572187355368158e+01
8.644062702942690635e+01
9.645273811186146418e+01
7.780301962912490410e+01
9.252113791914031538e+01
8.036332654881263693e+01
8.771028394235888470e+01
8.232656454779126420e+01
8.488560200152278412e+01
1.066782373470063021e+02
8.974935717923683853e+01
1.403053801501054352e+02
8.619555831166621829e+01
8.920235333392130883e+01
8.865169630970815717e+01
8.096345711695202851e+01
8.806256876387124066e+01
8.740162626406640811e+01
8.853385549674489141e+01
8.520013285266452385e+01
8.571500541493405478e+01
8.508737493658044571e+01
7.432583996390944492e+01
8.820592748890541657e+01
9.139895393996576445e+01
1.067912558276585031e+02
9.261735302548444793e+01
8.600859653960118578e+01
8.627105559294179216e+01
9.720642558545749523e+01
8.547903134095990652e+01
8.790189729664714946e+01
9.768057078915329328e+01
8.751456110355981366e+01
8.744688561537201110e+01
9.935306518279968202e+01
1.460459302522682208e+02
8.618861430222722220e+01
8.229577438952954083e+01
9.988329531876931355e+01
1.089906790461674433e+02
8.542678818749766378e+01
1.234852236068639257e+02
1.170130401879983424e+02
9.572428299190266898e+01
8.224373286922850923e+01
1.078411405224751860e+02
1.026367785473487686e+02
7.681514767712526748e+01
9.019561348126327971e+01
8.552267358341187276e+01
8.766836096165478409e+01
7.407984586985359954e+01
8.795414867516647917e+01
9.145535969884305416e+01
8.674688815959254384e+01
1.207643564330253128e+02
8.447148853036361515e+01
9.690577007294334067e+01
8.589927050111434426e+01
1.076881905162703106e+02
8.668601443387194649e+01
8.677964618716035261e+01
8.518692016597439931e+01
9.657779714246275660e+01
8.761581215175397119e+01
8.802768832785093878e+01
9.172858388124564044e+01
7.483232374214476579e+01
8.421790810872244037e+01
9.298634884678736512e+01
8.429063527313662973e+01
9.627383680728719639e+01
9.136298224758235165e+01
8.497787220650427287e+01
8.582961865352102393e+01
9.103221885654507162e+01
9.284172659298309327e+01
9.887496127605918161e+01
7.824022494117440374e+01
9.537564988786071751e+01
8.382917474551557291e+01
8.354951293568167614e+01
8.465360493097638539e+01
8.850727768627517378e+01
8.845705923696115747e+01
7.894752228131244465e+01
8.715952765727243445e+01
1.138346432913188409e+02
8.571612897371939255e+01
1.001448768993930116e+02
1.310146108664471569e+02
8.841127622056494317e+01
8.773244124453357529e+01
1.129231009235461158e+02
8.549409794954537745e+01
8.490769325614361662e+01
8.061710673040740005e+01
8.849031767014824368e+01
1.029249261020325577e+02
8.536735388083471321e+01
9.350617910433372515e+01
1.361395531326488992e+02
1.072823781641933465e+02
9.412774820688365196e+01
8.515731111177790069e+01
8.698820871107527353e+01
8.589039395395954557e+01
1.215788519854258141e+02
8.162686786590030863e+01
8.595158692413184554e+01
8.606359765375708548e+01
8.823004854538291397e+01
9.067935978606556091e+01
8.565451097221740895e+01
8.975776409308157611e+01
9.996565572608194827e+01
8.482583171555651802e+01
1.041352238849346747e+02
8.474851567585713497e+01
8.448656376924428457e+01
8.279321396054143634e+01
8.337936397854872439e+01
1.397776534976314622e+02
8.532239839608240572e+01
8.458222334239039242e+01
1.025122095908269273e+02
9.196730959657449489e+01
8.784629934727195177e+01
7.470344400044727706e+01
8.518058961727700762e+01
7.548999204935769569e+01
1.086755041727657698e+02
8.833267064322207318e+01
8.965644988476761057e+01
9.203031295218953289e+01
8.028571686629551607e+01
9.098065148716364092e+01
8.115068507863763614e+01
9.070977820333062880e+01
7.742379736293854364e+01
8.206833860596928787e+01
9.159842772577735559e+01
8.787050816046044588e+01
1.246962496565121370e+02
9.208520161542544713e+01
8.419341720585994437e+01
8.514323283094253725e+01
9.125289604865744764e+01
8.140899043801807977e+01
8.936239926992105609e+01
9.092157789696855730e+01
9.089741492385778088e+01
8.659584625741250363e+01
8.739845218346998479e+01
8.800693053809760613e+01
8.559040064476661769e+01
8.566635233707286545e+01
8.586629304185863987e+01
1.021635473306762378e+02
9.609824945983828570e+01
8.574936505746526905e+01
9.035239655091353939e+01
8.501116176188796203e+01
1.075724288030938567e+02
8.949480618207880411e+01
8.481087194455885481e+01
8.481024803893943442e+01
8.809342729297102892e+01
8.519235514907576601e+01
8.631910412751666684e+01
1.265061306381326034e+02
8.747762377735870132e+01
8.703402513337027813e+01
8.458835084505655288e+01
8.461021233733700342e+01
9.772139407022268642e+01
8.473799207906742481e+01
8.384099208823204208e+01
8.684567714998870258e+01
9.079825846178589188e+01
8.520829410010787797e+01
8.776229179711367578e+01
1.093090794663762040e+02
8.807198551104134765e+01
1.075405795295592810e+02
8.655954667831204574e+01
8.400412671324818348e+01
8.602962534277449436e+01
7.522146269346529834e+01
9.634344846793879924e+01
8.193224161629854052e+01
8.668266899241508838e+01
1.032465072449546426e+02
8.452492491016978704e+01
8.901943023232628605e+01
1.083176660707440107e+02
9.205316473624309026e+01
7.452296905288228857e+01
8.887376355585821841e+01
1.050957935238051135e+02
8.954255547779501967e+01
8.444073889506734076e+01
8.656723877211020124e+01
8.482970509295327588e+01
9.194145273298305199e+01
8.637058115487117504e+01
8.665064511267900116e+01
8.675210901746403636e+01
8.412238093582054432e+01
8.575058048984962511e+01
8.038566969860183065e+01
8.953372645688338594e+01
1.066032585400120212e+02
8.686820295090181787e+01
8.504906179246174247e+01
8.310389697658915509e+01
8.568700460501693783e+01
8.480703056348468749e+01
9.026281820741138517e+01
1.405106503392195805e+02
8.551695841137959064e+01
8.868404120354549036e+01
8.581034644379559495e+01
8.629257923384187734e+01
9.856282267302844957e+01
9.180977758148719658e+01
9.037211700127063807e+01
8.667992005306153658e+01
8.935282642471563008e+01
9.272797654035804271e+01
8.795486143804274093e+01
7.904819117271176765e+01
8.371793073153523324e+01
8.502154458071044019e+01
8.495468358188107061e+01
8.704109095644572847e+01
8.831364788990903492e+01
1.013234890601159464e+02
8.113433151555238965e+01
9.990381484930857425e+01
1.029662385593998692e+02
7.512505840120721246e+01
8.618626004989185674e+01
9.616373651191747740e+01
9.246216309358815977e+01
8.494128711309166135e+01
9.692130677091759594e+01
8.563849713425967991e+01
8.508575471502179255e+01
8.710691868818319961e+01
1.161102751100418544e+02
1.032323956411646435e+02
8.435827895140336352e+01
8.551940808628572199e+01
9.495803848741498143e+01
9.528946868749561361e+01
8.978431820811671571e+01
9.252721544846556867e+01
8.730918691430304079e+01
8.690408339097919566e+01
8.408049039939159286e+01
1.337246610273856504e+02
8.435263585981519441e+01
1.000283559362001711e+02
9.024532452582157305e+01
9.950641727394612701e+01
9.167201037358861981e+01
9.529423185179966538e+01
8.876906125457685448e+01
7.849894147090996910e+01
8.843533358472973305e+01
7.291030877947150657e+01
7.660273540505374967e+01
1.177013372093589822e+02
8.944438155127510015e+01
8.600771643622488227e+01
9.104235889266946913e+01
8.478526699114918586e+01
8.593267308224213252e+01
8.879168487709206659e+01
8.489836649710062488e+01
8.540265807350880323e+01
8.681609475983687219e+01
1.070473845120841503e+02
9.019604604485073196e+01
8.848246250762552734e+01
8.737683512306914224e+01
9.023875821804473674e+01
8.504139991470420057e+01
8.533953218457787671e+01
8.674854268652394751e+01
9.013070248761960102e+01
8.674951975929933212e+01
8.723168750500963142e+01
9.298197998702299572e+01
9.063506996138531235e+01
7.295318640897805551e+01
8.944566498598440774e+01
8.551430135511398589e+01
9.032308414007968622e+01
9.204312150202126475e+01
9.684273964943093915e+01
9.298439842805947819e+01
9.065071379498162685e+01
8.828237330078842149e+01
9.344972924719051832e+01
8.552215220109799532e+01
9.995370373318864665e+01
8.726504934420826487e+01
9.005288827479512292e+01
1.406976308118811687e+02
9.063813103934164417e+01
9.920839733656677595e+01
1.023499235547685515e+02
8.552361630996674080e+01
8.468989046224638173e+01
8.823879534628233046e+01
8.856140637905808433e+01
9.182262008671867193e+01
7.200908032076227983e+01
8.542734428063566554e+01
8.478965175091421713e+01
9.124564055678952457e+01
9.026503479765482041e+01
1.016066736147153335e+02
8.608587075117775100e+01
1.378348107988396691e+02
1.055414497347411498e+02
8.526560961870974609e+01
8.453150510630322856e+01
8.581930193451178468e+01
1.332563373503795390e+02
8.834316020676229186e+01
8.547158253658609794e+01
8.827445766162487928e+01
8.428678643128232295e+01
8.888963784108402422e+01
1.075067559474377248e+02
8.483838151244178505e+01
8.904297167611782982e+01
8.401775230569991493e+01
8.436043611410504184e+01
1.060484103202604160e+02
8.035770786948386046e+01
9.890358377808355783e+01
8.472832712947977996e+01
8.982344239153765386e+01
8.624080911056968546e+01
8.896456134995847265e+01
1.367425178796149794e+02
9.086301824701563135e+01
8.494972077251325970e+01
8.307391908279181791e+01
8.253506828900766834e+01
1.061808415544154087e+02
1.323782692889675445e+02
8.839998327383948151e+01
8.381326888532976227e+01
1.258672631529644832e+02
1.159582260392825219e+02
8.644936734040697957e+01
1.187444631976458993e+02
8.376527941222590812e+01
8.535346260568883281e+01
8.655761302787756506e+01
1.081970426103602847e+02
9.132313762640991683e+01
9.116888865768220285e+01
1.110202626201897544e+02
9.114900510017427848e+01
1.034656022618997042e+02
9.523064203890106683e+01
8.826101960050728223e+01
8.692424360279515838e+01
9.100367697361721753e+01
8.729191643557714997e+01
8.512442745733690685e+01
7.990817533078200086e+01
6.923834307756908402e+01
8.938122230663816481e+01
8.811085346186830236e+01
9.086583109827205362e+01
8.513603300509991811e+01
1.348322353790801174e+02
9.648564457459100652e+01
8.539128555886419747e+01
9.513822728857192601e+01
8.871935803016727107e+01
8.766323169825464845e+01
7.934360590940475788e+01
8.795622858049439685e+01
1.151482211969471621e+02
8.805047784924718712e+01
9.289066661967315497e+01
7.975020024959486875e+01
8.918419602910061883e+01
8.202237033034215585e+01
9.869600129087022822e+01
8.541829451654126615e+01
1.074566690267752733e+02
8.269448193519717449e+01
8.567752131739047172e+01
9.701917198444175483e+01
8.931697644541409886e+01
9.216789979207770500e+01
8.660606636437286454e+01
8.645676449136217911e+01
8.846084548912908474e+01
9.072582945003100008e+01
1.247325709465711867e+02
1.044987361297912400e+02
9.906804599268909328e+01
1.312057150907182006e+02
9.225620999876231565e+01
1.038065200893126132e+02
8.909094750032292609e+01
8.500843952466779285e+01
1.216033801170749058e+02
1.071896020605841784e+02
8.815442837833015233e+01
8.506590278138098427e+01
9.235531168391801771e+01
8.563281758532123433e+01
1.058038831043407271e+02
1.136485744721182982e+02
9.910918194464471753e+01
1.107887073570761487e+02
8.927324773363156396e+01
9.372884595424181953e+01
8.493612073014699604e+01
8.933232373120588932e+01
1.119689077330446736e+02
8.630792765135340971e+01
9.369377669382336649e+01
8.846772016564969476e+01
8.555044239588680455e+01
8.678318551437203610e+01
7.279188615071042534e+01
9.361760649462088679e+01
8.656889636953305001e+01
9.023828640759161601e+01
8.677769211579895625e+01
1.008069200141491706e+02
8.514257407286156365e+01
1.053407551743690220e+02
8.759877929945331232e+01
8.900735880505880004e+01
8.884566442634334749e+01
8.875227246082033616e+01
8.504192224410418532e+01
8.505503820405149895e+01
8.591053421531117351e+01
8.368386753116487853e+01
8.801880175046603938e+01
9.570934042702401712e+01
8.581723141661771592e+01
8.643126847158174542e+01
9.265202077044698115e+01
8.567762887341699241e+01
8.682430736409227734e+01
8.573393021684809412e+01
8.548976237730994399e+01
7.400270436663298312e+01
8.890959935713713946e+01
9.707977031585058114e+01
9.194559383517221818e+01
8.248760723607333034e+01
8.924485213912809911e+01
8.606250937275451918e+01
8.810424714960295489e+01
9.296628268730550815e+01
8.452384337356390631e+01
8.701809591805967159e+01
8.941717847196089508e+01
7.948510126213565741e+01
8.508198744193552443e+01
7.684195802520835628e+01
8.747277761736833668e+01
9.620364048404769619e+01
7.886203482305245416e+01
8.804723482177399774e+01
9.565297421509973219e+01
8.514573581312265560e+01
9.240310923932952392e+01
8.906765435048252755e+01
8.024344959490883866e+01
7.628611609117507442e+01
8.550007811361095378e+01
1.142920353047239672e+02
8.611533003244471729e+01
9.875870084510327729e+01
9.990978818477047696e+01
7.157796668118371031e+01
8.670815030139327462e+01
8.720380960751357691e+01
9.989243867805903676e+01
1.029209354237937220e+02
9.090359499165788293e+01
8.785520831546749321e+01
8.953848439384161395e+01
8.285883934460635203e+01
8.895465841773415150e+01
9.028285747362393465e+01
8.868742387979162345e+01
8.765693036041507469e+01
8.263549791796576471e+01
1.045492098362927322e+02
8.637308578886137411e+01
9.814368536028783296e+01
1.029722632519707304e+02
8.687066010496232593e+01
9.754779041346577628e+01
8.515079070163668007e+01
1.027501433367818748e+02
1.067973863869652291e+02
8.458620316598717181e+01
8.485942032652859268e+01
8.544884363397507343e+01
9.031757503078453908e+01
9.204891668806816085e+01
8.836805203150085219e+01
8.337504974233532096e+01
8.576456655682564190e+01
8.548849939289382860e+01
1.112706609604924921e+02
7.431214489517260802e+01
1.483282489016360444e+02
8.967852248992124942e+01
9.087337271558428142e+01
9.111989470871847629e+01
1.519137692716092829e+02
8.508939027839923597e+01
8.503233244974451566e+01
8.793388501459158135e+01
9.259886373638603629e+01
8.772938903573962932e+01
1.025130196951925399e+02
8.556596506725772144e+01
1.029141236062580305e+02
8.953278000349055787e+01
8.778260792541141200e+01
8.492920618759640661e+01
9.134568435327211944e+01
9.089150077673487260e+01
8.974465388938770616e+01
9.091559872510904938e+01
9.035132979009409837e+01
1.110269254555773131e+02
9.333725743759984539e+01
8.868742899615877207e+01
8.781685215459219762e+01
1.077606002389440505e+02
8.591427667824109449e+01
9.372321590332899177e+01
1.055762328753640986e+02
1.010069106684129849e+02
8.836590487262159854e+01
1.049475257189939583e+02
1.109932727425043311e+02
8.547077669278320400e+01
9.541089699985178640e+01
9.999522842739523298e+01
8.476654255366598534e+01
8.526391093169608837e+01
9.227351362585494599e+01
1.010775711306647509e+02
8.565613111791621748e+01
8.561450657637752215e+01
9.343720854500651285e+01
9.359277970577674921e+01
9.592724223561977226e+01
8.246159886459120969e+01
8.564059317955660333e+01
8.878702360770510893e+01
9.071628876100353978e+01
8.528765624592443828e+01
1.181166344393153054e+02
8.927622237929401194e+01
8.466808944729099551e+01
7.310153896554635367e+01
9.153069518019272266e+01
8.818995506823698349e+01
1.175577415824086955e+02
9.187150142355832827e+01
8.849388573115622592e+01
9.411288522528974454e+01
8.879589450000538875e+01
1.086531661863603659e+02
9.226896982001746039e+01
8.672526790723331658e+01
8.593093314474975841e+01
8.685859551752959362e+01
9.868770979026761836e+01
1.036839916661671168e+02
8.570591084879200139e+01
1.026291254302545468e+02
1.016413155773941668e+02
1.151301100132250781e+02
8.871852429815785968e+01
8.692216059485517121e+01
1.095548615103715377e+02
1.428428085869730637e+02
7.492964175309518282e+01
8.664412455439546079e+01
8.497932535953188449e+01
9.255031210708399669e+01
9.985405682671604666e+01
1.251751363545601379e+02
8.888766635517640680e+01
9.098044099094323656e+01
9.965551906096024481e+01
9.414723830759412238e+01
8.219031492557770946e+01
8.015128978495846468e+01
1.160812239627282878e+02
8.862696410031951189e+01
9.021033564262361892e+01
8.530913089209349209e+01
1.054756932586280129e+02
8.744962064329432394e+01
8.682350410559280363e+01
9.078411774759531738e+01
7.659405905717959229e+01
8.875339486479698792e+01
8.493050956834369458e+01
1.099684588920411557e+02
8.570977779792626450e+01
7.362094419815527147e+01
9.333982393238962061e+01
1.478908440699392202e+02
1.377776765062161530e+02
7.121961170552627607e+01
8.744328828797553399e+01
8.650074343570975088e+01
8.906530376090006484e+01
1.271029771765127521e+02
8.504249621641604051e+01
9.114514574461193774e+01
8.920361519540639961e+01
1.055684269707817009e+02
1.384460564762862589e+02
9.216779859604626779e+01
8.390874907677152805e+01
6.952803380707305791e+01
8.394322197564626720e+01
8.477369518692427164e+01
1.058133536595220363e+02
8.149741256556829683e+01
8.499680867096125780e+01
9.174866199623895113e+01
8.781157012561325814e+01
8.892856795931879788e+01
8.658390594194180778e+01
8.914882706590256589e+01
1.037517270980236646e+02
8.809429758863414861e+01
8.872027396324543247e+01
8.838288709698558421e+01
8.889154323494213372e+01
1.081222618156170228e+02
8.498426104732364195e+01
8.936647914364571932e+01
9.193756055010142347e+01
8.955332480025562347e+01
8.491976310393074812e+01
8.498888024315745326e+01
9.113673961119076239e+01
1.063797207482996612e+02
8.588790452539278419e+01
8.596306141640158671e+01
8.497003867591955384e+01
8.348991186432027689e+01
8.318752143437708924e+01
8.402148310233712891e+01
8.962471502902877774e+01
7.089276155934524581e+01
8.557897535205142958e+01
9.129504848282280705e+01
9.152567992667111696e+01
8.646791169156323065e+01
8.806430657300225562e+01
8.565536410571016290e+01
8.773616787874023260e+01
8.948788781376018164e+01
1.079070784932170710e+02
8.530494079044275679e+01
8.605151350546681499e+01
8.570932828571254447e+01
8.498628915874770939e+01
8.953712547980408942e+01
8.947885738630760954e+01
1.212715814698993739e+02
8.568755497937078758e+01
9.625895129290807972e+01
9.781676472222574148e+01
8.958735304543216671e+01
9.563091681058129723e+01
8.946894297878921520e+01
8.576313972628447857e+01
8.885121488737441098e+01
8.822280840070658314e+01
1.010783862973970173e+02
7.775123579516385064e+01
8.366960580524576585e+01
8.763402884658358971e+01
9.150251579661502888e+01
1.153633186353490032e+02
1.034826060982962730e+02
8.831781720644590905e+01
8.729890775676440740e+01
8.392958433921107542e+01
7.362247749055113388e+01
8.479088994272993318e+01
8.735354570960186038e+01
8.793180433481711589e+01
8.488293486729806148e+01
1.089105589917903671e+02
9.660660802323928920e+01
9.349992694263588078e+01
8.581119318508650906e+01
8.843065342572401732e+01
8.969884287990524285e+01
8.510840614016552763e+01
8.537392445973151212e+01
8.592027372273906849e+01
8.926380521758125042e+01
8.931164216046094850e+01
8.541181458463691456e+01
8.464808904948345969e+01
9.095130947420715017e+01
8.137429406616075767e+01
8.507430695405942345e+01
8.612727625881377946e+01
8.707055162746006260e+01
8.559915285865665169e+01
1.016315405735777944e+02
7.456198120318241251e+01
9.025905990126784673e+01
7.789191825440013872e+01
9.767482987576889286e+01
9.533736366154124653e+01
8.717226093191635528e+01
7.339823663005036281e+01
7.609262483172499003e+01
8.997740353448601525e+01
8.052785406790307832e+01
1.069796053018689292e+02
9.797520378808746955e+01
8.856647379638744155e+01
8.556977334207491026e+01
8.643256054258282006e+01
8.581065184097514020e+01
1.319690156081288137e+02
1.068712905928400261e+02
9.750556561357325336e+01
9.536381747914697371e+01
8.975081164438090298e+01
8.562507933217398204e+01
8.620372220752076942e+01
8.531577296542344868e+01
1.090045548785265908e+02
1.287058078017909395e+02
8.188270301283790786e+01
1.078542911556123869e+02
8.776275751053246665e+01
9.214219929600972137e+01
9.837673647881244676e+01
1.540729767566805037e+02
9.277449517362680353e+01
8.590476782872285355e+01
8.514772410558722981e+01
1.073970500472152736e+02
8.661689605573083384e+01
9.234259284825479597e+01
8.981048730129477065e+01
1.047403557662519944e+02
8.776583424580059045e+01
9.469841884479727412e+01
8.560697853634431453e+01
1.061891339791504123e+02
1.357406828240849848e+02
8.759705383251832700e+01
8.972324368892951441e+01
9.140126985772934631e+01
7.561875935934395443e+01
8.717832036607420321e+01
9.250577128463703502e+01
9.134074885650282738e+01
9.367397968323646751e+01
1.049240018141015156e+02
8.562069428214402933e+01
1.067049216831599807e+02
1.142384480000476259e+02
8.710730400250315597e+01
9.869713805104289861e+01
8.004604419020103023e+01
7.701235960391582580e+01
8.775000352960020678e+01
8.668446473216326353e+01
8.985703490293060725e+01
7.326525486502542606e+01
8.657644723335583592e+01
1.107733961791935684e+02
9.575281911045615857e+01
8.515779409671320366e+01
9.087062480916461027e+01
1.056992318932065160e+02
7.422188613098481369e+01
8.510604177349607369e+01
1.166911007292888485e+02
8.846057802210782484e+01
8.711918193967794366e+01
8.613794088449463970e+01
8.980008455680544444e+01
8.786558334781278745e+01
8.805123207863947243e+01
8.734785309781368312e+01
8.213501017304426455e+01
9.033345082967737483e+01
9.132530055601743868e+01
1.128873755664033069e+02
9.050600305395677481e+01
8.871695394352083497e+01
8.312644799868809287e+01
8.741857181027627632e+01
8.511112838715034457e+01
9.045074408432070356e+01
8.397463843692999319e+01
8.802008801905455471e+01
9.062057043230571196e+01
8.956939411596354716e+01
8.538597616729482809e+01
8.478485293443772264e+01
8.607064623334677833e+01
8.938813904540350563e+01
8.731364134893902929e+01
8.606758254523909102e+01
8.526454584505577827e+01
1.106817131532874185e+02
8.309540939537653514e+01
8.691276020852264139e+01
9.068933569647450099e+01
8.656880801148111004e+01
8.552838515276476983e+01
9.567548878820696245e+01
8.793670699709399230e+01
8.537779542866958593e+01
1.056492119972372166e+02
1.015319550870343193e+02
1.368715147476430616e+02
7.948483270955337332e+01
8.634469006995520601e+01
8.533801533922385829e+01
7.176093501468533020e+01
8.711742261989390101e+01
8.516517151038993916e+01
8.553845886882065486e+01
7.788112864627359500e+01
1.041107523571293001e+02
1.042970469370668525e+02
9.022766962433044569e+01
8.611296028194882979e+01
9.856868284645153722e+01
8.901685280165213499e+01
8.652340238163263564e+01
8.572214619101619348e+01
1.444607012410219511e+02
8.507416485675682338e+01
8.992748169518246470e+01
1.348792816911097816e+02
8.958546492775828085e+01
8.581820648537716067e+01
8.402400763323642252e+01
1.108221138223233595e+02
8.537888002477369298e+01
8.888530844671372222e+01
8.587139355579826372e+01
8.461014146382466095e+01
1.010421154211715589e+02
9.096567249705617542e+01
8.369348784022866994e+01
8.905099392071103637e+01
9.159460662605398795e+01
8.516125760455628324e+01
8.609831702178094304e+01
1.003094624230652840e+02
8.620789475119943290e+01
9.402050069533116528e+01
7.620766104645582573e+01
8.577282440592109936e+01
8.245808419817140589e+01
8.701936832787934861e+01
1.060752189097278944e+02
8.492818562616281497e+01
9.617709661185531900e+01
9.916360047652348442e+01
7.904869993835146147e+01
9.153230775731486801e+01
8.952587105395222977e+01
9.823130698988192933e+01
8.991426234835738285e+01
1.004967293885132165e+02
8.091329739925771491e+01
8.092307471548218700e+01
8.749493649123861871e+01
9.301720576003731367e+01
8.346240356233131763e+01
8.636462713000371139e+01
8.411236876492409920e+01
8.568683600736893879e+01
7.646776489548935274e+01
8.850695464725406225e+01
1.264463245892290928e+02
9.639667670702922919e+01
9.173685789793296408e+01
1.711152135236788183e+02
9.734388125636334621e+01
8.824571641092521190e+01
8.655383301647583494e+01
9.392840676528466304e+01
1.213433572487544723e+02
9.108913889949685938e+01
8.473988107620564847e+01
8.554508006128999398e+01
8.615200310396801342e+01
8.507939792493381503e+01
8.529041418934454555e+01
9.507849199811546725e+01
9.267407975457791736e+01
1.305336396174228923e+02
8.555162041710485710e+01
8.517251555927487061e+01
8.804586376197239872e+01
8.822853142909634983e+01
9.211521315951293332e+01
8.448147204785217923e+01
8.770063975736601947e+01
1.127846679349979553e+02
1.103772447164459862e+02
9.587712693990506807e+01
9.198422373116622452e+01
8.734850701681918395e+01
9.629303680916628139e+01
9.046805750198502949e+01
1.353833409620409043e+02
8.529518228391073364e+01
1.092783797886140889e+02
9.707821128518141052e+01
1.066604924769238636e+02
1.247289340699425679e+02
9.211619239388906522e+01
9.330545623441054204e+01
9.925178627059723624e+01
1.234020720052703410e+02
8.499147561051083244e+01
1.038982550227096766e+02
9.318823587107311823e+01
8.574033917338141464e+01
7.407226059052050005e+01
9.201622023569775877e+01
9.480509956042742203e+01
9.194897346225246793e+01
8.540946955851799771e+01
8.530770114179384223e+01
8.860647998327945629e+01
8.656705634944182748e+01
8.457792965751215775e+01
9.983231939013023748e+01
9.433400840246588359e+01
9.001093931303212514e+01
8.446234383734910978e+01
8.736905334218155872e+01
9.351389509186829230e+01
9.058435226484624536e+01
1.019712498052915777e+02
8.969404247647162265e+01
8.859915681399701270e+01
8.589073556082843197e+01
8.557582740365749885e+01
8.659808299728925363e+01
8.588680680821937585e+01
8.754893345791546722e+01
8.598959339946492264e+01
1.144065173876534658e+02
8.538175124234527402e+01
8.532188950267688199e+01
8.235116900780317906e+01
8.264836206596227441e+01
8.361908465210861152e+01
8.757339164483425975e+01
8.455342132203435312e+01
8.291487813620281599e+01
8.377098983553204903e+01
9.304919068670702131e+01
8.749929390432470200e+01
1.069297667706609758e+02
9.053041372987216562e+01
9.900238365428560883e+01
1.002720797145403822e+02
9.624114600426523225e+01
8.450446608413716376e+01
1.237018990007249926e+02
1.196633752544190656e+02
8.848136135110081568e+01
8.478037219993991869e+01
8.599763775321456194e+01
8.189818872992445620e+01
9.128627913051249720e+01
9.032650175224820543e+01
1.103230854111179724e+02
8.506887075525276032e+01
8.866227688500443094e+01
8.653033473809212239e+01
1.002276635778266325e+02
8.454860010117779723e+01
8.544411505810583662e+01
1.216813352338380838e+02
8.906181597779240633e+01
8.910685303420657988e+01
8.638763673263400733e+01
8.003702343215987014e+01
8.501543586724275769e+01
8.803730060906828214e+01
1.005598143192040084e+02
8.498271401523699353e+01
8.490768238928825440e+01
9.426302477406711944e+01
1.069521319028063004e+02
8.565108445838195905e+01
8.837138234052756047e+01
8.857354087892466055e+01
1.060936721406267367e+02
8.571127206882138694e+01
7.888240708338179275e+01
9.021811934917151632e+01
9.007774591609613424e+01
9.050501605261396776e+01
9.148509075902254040e+01
1.061716992550383907e+02
8.916624359634315056e+01
9.410896108140330796e+01
8.725600763111351910e+01
8.151830365075748830e+01
9.574192255918863736e+01
1.264952449144885520e+02
8.083813693507070752e+01
8.556480416377438303e+01
1.005987918774354881e+02
8.850703770800933512e+01
8.810915380652056683e+01
8.314271664364137848e+01
9.540436048240123057e+01
1.019894900705217822e+02
8.732429483555824845e+01
9.283461880017507895e+01
8.927764825320535635e+01
8.302222232102624844e+01
9.771510241992992007e+01
9.689188912145391441e+01
8.932622644818003721e+01
9.877768125882133177e+01
9.976340018359161377e+01
8.072528197165787844e+01
8.519490402883499769e+01
8.686361897734298054e+01
9.206647899885959418e+01
8.575569488870610257e+01
8.801049327453131355e+01
8.654643144089561702e+01
8.540462078301531790e+01
1.262859963035675150e+02
8.556328661436863570e+01
1.236931450115420432e+02
8.566063710732044001e+01
1.351099013493955567e+02
9.193989108157441592e+01
8.547304470883828742e+01
8.538717968540335335e+01
8.383799566667370584e+01
8.527635505778448533e+01
1.081783396198111262e+02
8.875840685812326569e+01
8.183323609899754558e+01
9.214122702252015529e+01
8.619455550424048340e+01
1.064509054375360222e+02
8.557630640062262728e+01
8.681212644695366976e+01
1.406001938432200404e+02
1.010726889368294650e+02
8.641562560125686332e+01
9.062454564833070947e+01
9.909291631283740287e+01
9.418647324782757835e+01
8.541279077334608871e+01
8.562147020219943272e+01
9.746370775153128818e+01
8.345199511594336172e+01
8.491831147969223537e+01
8.561161660896308945e+01
9.102404960822454427e+01
9.045169538480435278e+01
8.573712303868845197e+01
8.600145607027610595e+01
8.939673796563859298e+01
8.909477315454955715e+01
9.218152890262082622e+01
8.545219289440389332e+01
8.958878708866298268e+01
8.530221320008676855e+01
8.513761737865063139e+01
9.498527160410530712e+01
8.836907749058798345e+01
1.018740228730165711e+02
1.077716516972345460e+02
8.489324667643684563e+01
8.912174140754888185e+01
8.779548898973838789e+01
1.028034912470535005e+02
8.849936000073373066e+01
1.101007685771344313e+02
8.717754055483869990e+01
8.501541347483984623e+01
8.993430736388702940e+01
8.452931848799414638e+01
1.055900917042268645e+02
8.203503570561660752e+01
1.075517614129089594e+02
9.184963122874179930e+01
8.984864286865470717e+01
1.084378149446478261e+02
7.985672949610662386e+01
8.492050064938406706e+01
1.121381971930864694e+02
1.451568053767700235e+02
8.484356691516252624e+01
6.607207928625877003e+01
9.606525539390977997e+01
8.479168223026626094e+01
8.599871759805854765e+01
1.024604517686637308e+02
8.746953289557554001e+01
8.558597073552994061e+01
8.211264186327046843e+01
1.026254433597484024e+02
1.266874769012194548e+02
1.093110393506251938e+02
8.464585377892085205e+01
1.043610199603588455e+02
1.019084473935437529e+02
8.550421971434377610e+01
1.471151597286810784e+02
8.280008886976978033e+01
9.217967666739495769e+01
8.531307365634771145e+01
1.427992311832360315e+02
9.095449710812546584e+01
8.848053845548334095e+01
1.025416144890659069e+02
9.484160379514139549e+01
1.342977108952087235e+02
1.006878072332373932e+02
7.940713597199909657e+01
8.503597366226483700e+01
1.022873785857890141e+02
8.875642599504301700e+01
1.006440715879265611e+02
8.510319264645957560e+01
9.112261775857272994e+01
7.972994413354675203e+01
8.809916438150247586e+01
6.733393356393267482e+01
8.945800921270007677e+01
9.097569492615852482e+01
8.717879704987670664e+01
8.991641335004094060e+01
8.978091630143958923e+01
9.476518430633720413e+01
8.214810424538914901e+01
8.868217121659337465e+01
8.726729953825650909e+01
8.226025375854153765e+01
9.647090279359716192e+01
1.047706927669893417e+02
8.989228827350240181e+01
8.331733245283169254e+01
8.570659766738171470e+01
1.015646843552061966e+02
8.540895189341213722e+01
8.722018479954004988e+01
9.020754100834220424e+01
8.021166698545465579e+01
8.790363948309388320e+01
1.001591425745083512e+02
8.351648669027346727e+01
9.233659119813592042e+01
8.546880560265628901e+01
1.052528004183564008e+02
9.750232261401346534e+01
8.547024615915884738e+01
8.974018455473179756e+01
8.639784980862528130e+01
8.515969794472596277e+01
8.944117920191709459e+01
8.612127769839796088e+01
8.049784934857937913e+01
1.124261563236887298e+02
1.163731199607519216e+02
9.819303352360809356e+01
8.430482720384451056e+01
1.223857058596151717e+02
8.963338260522620260e+01
9.959369327314534814e+01
1.040149070570137866e+02
8.494484283793249801e+01
8.438552514072439692e+01
8.411729378409668811e+01
8.512925778528156684e+01
9.146037885549884550e+01
8.558868416020395387e+01
8.620070007562203784e+01
8.623641575488636590e+01
8.903666278455305871e+01
8.593100562000732623e+01
9.276160870774724287e+01
8.587933795148394722e+01
9.495373932465592759e+01
9.235286743415299782e+01
8.487402038774685309e+01
9.141552937522985189e+01
9.973874503707783390e+01
8.405581457485293129e+01
8.999344684337356171e+01
8.546097751000850451e+01
8.423762913688969434e+01
8.398496545971700300e+01
8.500257464023344767e+01
8.654138773960627873e+01
1.038652259149728678e+02
9.210016998392336518e+01
1.036346033907183823e+02
8.627778106381092016e+01
8.567041477562774787e+01
8.097426747497169686e+01
1.098786833747954717e+02
8.514737189967888753e+01
8.265285191493875061e+01
8.777361965450626258e+01
1.557531226771550337e+02
9.215158563002135850e+01
8.664991436793573598e+01
9.881642635914204220e+01
7.939595703585882802e+01
9.307237794959880262e+01
8.684768511902612431e+01
8.546198891657782326e+01
8.644646898938242430e+01
8.978596636009294230e+01
9.225052367368272144e+01
8.624286951728217332e+01
8.798087531411340478e+01
9.163885733342441142e+01
8.376040525384085811e+01
9.868220776080971746e+01
1.133686156667944971e+02
8.523719736581549000e+01
8.702395305388651536e+01
7.920137691137895786e+01
8.171952397466999685e+01
8.501936417469904939e+01
8.965436728070173444e+01
8.917538293096568225e+01
8.644268814718971328e+01
7.222341999947991553e+01
8.950121529724313518e+01
8.517376812837640898e+01
8.916129996692565385e+01
8.822515714093202632e+01
8.554520337311001299e+01
1.316933319503603457e+02
1.299554835350083977e+02
1.014583926250617338e+02
7.794438321532375369e+01
1.423095266423666487e+02
1.331969560256884222e+02
8.619570539473016879e+01
8.664998933365791345e+01
8.509717673963376683e+01
8.571049670751334304e+01
8.611843249305938741e+01
8.954012448984052241e+01
1.007981326561598365e+02
8.860865278854872429e+01
1.094199218814842709e+02
8.805977330796180524e+01
8.486584607743137099e+01
1.228469164722207125e+02
8.351995661184245989e+01
1.000525262650293143e+02
9.311251242027947228e+01
1.306984195911033737e+02
8.817132953638702020e+01
9.383195437824774388e+01
9.174206581400815708e+01
8.907782198950287977e+01
8.955798687849646456e+01
8.565394672792338326e+01
8.660414077295362745e+01
8.828285447862874946e+01
9.619666465367818375e+01
8.485074176612310737e+01
8.560559333218806444e+01
1.104023381582382228e+02
8.503041772663864606e+01
9.044485699895726327e+01
1.160551457948379550e+02
8.795999372809718864e+01
9.403671576968942247e+01
1.012207041531470395e+02
8.823171071617197470e+01
9.153632634225239428e+01
9.312134817598125380e+01
8.980484168006903190e+01
9.799186108367740644e+01
8.744528568180776062e+01
8.609488055596698075e+01
8.501055348410353929e+01
1.016143354377473855e+02
9.219387254837106127e+01
1.377907032183677529e+02
8.679102688284687872e+01
8.922381207427815752e+01
9.469755328814528639e+01
8.449924912743500727e+01
8.464785117292272787e+01
9.994593363435856759e+01
9.314783406947816502e+01
8.980691181108127807e+01
1.136941788657397581e+02
8.157676447933957320e+01
1.236486381913944115e+02
8.912095925809300923e+01
1.103504700711879138e+02
8.969780724033802244e+01
8.541177381666798851e+01
8.718006015666938424e+01
1.017116919337091758e+02
9.031751914118238744e+01
8.422324579101109521e+01
8.534249366917347857e+01
9.306170186191100413e+01
9.362014433243292899e+01
1.137298036224841127e+02
8.848655082906346081e+01
8.997190478926295043e+01
8.903374044665453368e+01
7.218392062057353087e+01
8.352749358522754619e+01
8.397847070345306975e+01
8.615592633414460977e+01
8.967897420013147780e+01
9.576691216578387866e+01
8.694788260243561240e+01
8.813816140236636443e+01
9.138963769665726034e+01
8.487352791305764299e+01
8.467514493655791341e+01
1.135690093401802443e+02
8.835153450378113860e+01
1.131668302264971402e+02
9.886096818330616998e+01
1.057062959993840536e+02
8.661757968102652683e+01
1.026586478093411188e+02
8.689114459579339211e+01
8.526445234083846003e+01
8.890812882741693102e+01
8.487516664058971116e+01
8.492222011160191641e+01
8.363700189256209683e+01
8.590990347959684925e+01
8.570726608806107549e+01
9.874701013495283064e+01
8.907858141458962109e+01
9.224793903790246929e+01
8.748700178025268315e+01
1.227294901739454929e+02
8.837549326912072445e+01
8.814020731360037075e+01
9.269954856114755160e+01
8.759025393089814315e+01
9.074276224971622185e+01
8.511159491463033078e+01
8.397698395073494737e+01
8.685524882166888005e+01
8.706663005319516913e+01
9.439235751497383831e+01
7.877415710168526175e+01
8.855907275357957076e+01
8.628495678669806068e+01
9.784499126227741783e+01
8.946415123700607808e+01
8.615686587900887616e+01
9.002968217776547988e+01
1.420180966958207875e+02
8.749562295093402042e+01
9.109427601100752270e+01
8.873283317183634722e+01
8.639534145467790438e+01
8.091009171060420613e+01
9.146985041120650806e+01
8.596212922261842948e+01
1.077583899482579568e+02
9.330058377108220213e+01
9.022561632512578456e+01
1.064641810244468587e+02
8.537309999950664974e+01
9.520762385686354889e+01
9.311213552885860167e+01
8.558979055146986070e+01
8.996686826474535792e+01
8.953421320686635454e+01
7.785918629442375050e+01
9.388231358040314944e+01
8.532565061067266754e+01
8.467414239648786634e+01
8.168227629092216091e+01
9.047768513252475486e+01
8.513738965076647958e+01
1.039853901600431101e+02
9.390660978629341571e+01
8.723095246467616448e+01
8.763398139255151875e+01
1.330944468478517706e+02
8.505409369944550235e+01
7.669435697786605033e+01
8.516866366634370422e+01
8.587174001532262935e+01
8.510062779618344564e+01
1.000364380470819725e+02
8.546873492304440845e+01
9.221296624770135963e+01
9.882253197664348932e+01
1.116396062656290695e+02
7.283511150189282546e+01
1.117233953146390348e+02
8.038157560783398026e+01
8.569305303940778629e+01
9.533828791656790713e+01
8.690452111604746221e+01
1.161275054934974094e+02
8.224337928246133345e+01
8.890419395246453860e+01
8.493608138314978362e+01
8.525865805805700859e+01
8.602831905280449121e+01
8.713885876015379495e+01
8.931660727856412052e+01
1.013297381273214199e+02
1.048318420396540631e+02
8.955961206275648578e+01
8.609183670514843811e+01
1.003291002938437941e+02
9.026175882096302416e+01
8.923177991434403111e+01
1.007726665137554249e+02
8.518948910653126916e+01
8.618530225998622996e+01
8.905097832812319325e+01
1.010953278394711106e+02
8.724528968559604891e+01
8.134255094523072671e+01
1.392219412324169241e+02
8.596570060745695230e+01
8.981971574413569215e+01
9.139570710174142221e+01
8.319836028835382535e+01
9.032696763166869403e+01
8.670754277392653364e+01
9.449931612077000409e+01
8.623941210376858635e+01
8.465875814268511590e+01
8.845727687675568518e+01
8.062574709288999486e+01
9.136432199378342034e+01
8.382545348568231702e+01
8.548511133940084505e+01
9.783271482652581597e+01
1.007099058884540028e+02
9.052408864785614639e+01
8.743235892747924254e+01
8.767332482827593765e+01
1.166784004822479517e+02
8.764170029748899537e+01
8.801786405652102019e+01
8.613885849251180105e+01
9.246536571727627063e+01
8.551650621337806513e+01
9.850290264045172250e+01
9.112601604462528826e+01
9.140834225993647522e+01
8.274025107294626480e+01
8.806541579608534676e+01
8.643389449791671098e+01
1.068985033540306659e+02
8.827098759018740282e+01
8.657941743572035875e+01
6.995118219371215673e+01
8.510608901903205492e+01
7.551104787474812952e+01
1.271779044188971142e+02
8.650347047822369007e+01
9.082568619038133306e+01
9.175667348590083350e+01
8.853677402823399234e+01
8.620919285359698847e+01
8.502477044289726393e+01
8.773943436081145819e+01
8.591893410603842085e+01
9.788096045777224674e+01
1.220219344085005133e+02
1.260244177355352946e+02
1.401356916434607456e+02
1.114876833539717893e+02
1.318018311298594369e+02
9.712328520646080676e+01
1.011311171670699167e+02
