1.492538600836581963e+01
8.887528641426811760e+00
1.332777772871379796e+01
2.193404768563669904e+01
2.799321630555793661e+01
1.065681815321765669e+01
1.273366210299805346e+01
7.657135487449863831e+00
2.887560406354386799e+01
1.331852021747872072e+01
5.732104600659567950e+00
4.164936795843866690e+01
3.246924472018810093e+01
2.202867992010047260e+01
8.570469374225183401e+00
1.018184860619132337e+01
2.346444416497323004e+01
2.366334567868587158e+01
2.507193718722031406e+01
2.107615711615035536e+01
1.594090465418307190e+01
2.713360100719751244e+01
5.971864591141581968e+00
6.900185820686857596e+00
2.358337568715553800e+01
2.863294862116046602e+01
1.113472211151324132e+01
7.041146228058011047e+00
2.024438005846948840e+01
5.162559930409045705e+00
4.691114703073168357e+00
2.008314229704849652e+01
5.390640969616143252e+00
4.195546863549810013e+01
4.112645921419149886e+01
1.392901019280211017e+01
1.544579936732309022e+01
1.066313442761263275e+01
2.327342368543355633e+00
3.176288636194882997e+00
1.005256923624061471e+01
1.844486000635468770e+01
1.277658639984312572e+01
7.761185744290273192e+00
1.844910699861149794e+01
1.327356852168304613e+01
2.264859151451145181e+01
2.609680596262896302e+01
2.005377578462720578e+01
5.127146575847992693e+01
1.425578401026524489e+01
2.899968242395518558e+01
2.147997344292974731e+01
2.247183112541269168e+01
5.840483784628787589e+00
3.741824574292077443e+01
2.606844142126514186e+01
3.527330654491018436e+01
3.457039853058105905e+00
1.563864616541478370e+01
4.580067186705903737e+00
5.336373271393952677e+00
2.143050443213509482e+01
4.604547975105802493e+00
3.075075441936931497e+00
4.857964485305326718e+01
7.803658235164334656e+00
1.270676223274918470e+01
4.145311429269499826e+01
1.931531528067681336e+01
6.647679109283899379e+00
3.871314660300612331e+00
6.663457236603676392e+00
1.558006379894159465e+01
3.213797303573014830e+01
5.466640717315385700e+00
6.389492398619509572e+00
4.686304960254460639e+00
1.106085179598515822e+01
2.222064642667342582e+01
2.941461525692629664e+01
3.153882246290901747e+01
2.946526009529825529e+01
7.932854978487952735e+00
2.012285085285222408e+01
2.108137429527705820e+01
3.913297411663489811e+01
5.526109421832277491e+01
5.178418241277029210e+00
3.073484890405154601e+00
5.256781092337888595e+00
2.460356484414062095e+01
1.230148195889807994e+01
1.123028213422801969e+01
6.165712987878976037e+00
2.143473956019333571e+01
2.897347595514283825e+01
2.356799305121586485e+01
4.479382193779159138e+00
3.794315469485749759e+01
4.589632309804585475e+00
2.067183871413840279e+01
5.189345422864803936e+00
4.228676685462872342e+00
2.260175037574376233e+01
1.631421994563771705e+01
1.729042261543526138e+01
1.361043133206568712e+01
2.048760935340787626e+01
3.661068929934205585e+01
2.783956457484895708e+01
3.881505194535906611e+01
1.472888568221739547e+01
1.586989261107616755e+01
3.613465932599950037e+01
3.627636161985395091e+01
3.796974107093542017e+01
6.715856105908613927e+00
7.891037289072286853e+00
2.557284086573511672e+01
3.467836059437243534e+01
3.507239373864134535e+01
1.029433471962846625e+01
2.720836221850255754e+01
2.209821635360775360e+01
6.008269380719397645e+00
1.726170267146167703e+01
1.659866500140451251e+01
6.554852360083501139e+00
3.472333531265389439e+01
2.815183143560464174e+01
1.040586238727729551e+01
3.019277178509216952e+01
3.480566313861173455e+01
6.392409443057573526e+00
4.531899724323110945e+00
1.418521699554996474e+01
2.212136367238663581e+01
4.252337077995772319e+01
3.116048009011507247e+00
6.951149979373710153e+00
1.158146436964135262e+01
5.617966311323812079e+00
2.316384113852956261e+01
3.331834819836178241e+01
6.051500938467555102e+00
2.055899467242987555e+01
4.326313785551128177e+01
4.136856411839476522e+01
3.995992538346305878e+01
3.647035335026228609e+01
4.803423540899397892e+01
3.759218073324111486e+01
2.270410473992144773e+01
4.824609326762600148e+01
4.462140614838963870e+01
1.286030666614860252e+01
1.944267611025256315e+01
3.785247962705370384e+01
1.028222465787418116e+01
4.779452671958537735e+00
7.247238942839132392e+00
7.262337575184361071e+00
4.413946923611419493e+00
5.699975708989057921e-01
1.863356078919882464e+01
3.549534241453457639e+00
2.263889324077355525e+01
1.949467017697443794e+01
4.976271991007934048e+00
1.254817953079292181e+01
9.099310790865729359e+00
1.141916193080665209e+01
1.143962561553421153e+01
5.328079608486305574e+00
9.894295257258406195e+00
6.006484029125232382e+00
5.064140239061759985e+01
6.172295149080454735e+00
1.876821256907602731e+01
3.435763179542192347e+00
3.370774004337748408e+01
2.528659373131475263e+00
1.430491974765918428e+01
3.145752557014255757e+01
3.801831409725299693e+01
3.234758960282502471e+01
3.456165740509625550e+01
1.933968410953445982e+01
1.810927496086829080e+01
6.750545623732435274e+00
5.645167936423774790e+00
3.424577022003231974e+01
4.919564208193037302e+00
4.175046021697672671e+01
2.120308844426054407e+01
5.461241000180386607e+01
2.023739512561078868e+01
2.417807088849875186e+01
6.427730043122991788e+00
2.891457386851200795e+01
1.593175357991438545e+01
1.024759318924230911e+01
3.368279423160137753e+01
2.621214196400939755e+01
1.354799241031879831e+01
2.258908297004887800e+01
1.915392719386548492e+01
3.207061828305970153e+01
1.562993581041628488e+01
2.343385498347676332e+01
2.429177788521175785e+01
1.191819906821929465e+01
5.951583344706989465e+00
7.732370859950819408e+00
4.195178424749736479e+01
1.936697323201612164e+01
8.561037906429419309e+00
2.059632322511485825e+01
4.795602279123149714e+01
6.721908251748388352e+00
1.532697825291748472e+01
7.258479685615910171e+00
2.112258905530642039e+01
3.211591144223845617e+00
2.754986387577543638e+01
7.617176026358606578e+00
5.779036210630962955e+00
5.108772680382344333e+00
2.256047166478978738e+01
9.655423241407206092e+00
6.517106829702640880e+00
6.956708759148341414e+00
3.919005480595819080e+01
3.912349551412273030e+01
1.275668557131865555e+01
1.382270126855542003e+01
5.071489301649787507e+01
2.750553751073654496e+01
1.951765288700764245e+01
3.656163294041164846e+01
6.114137643652711063e+00
9.133731489175843876e+00
1.967711233596409670e+01
9.800650367835700649e+00
7.575565205740602437e+00
2.240923956707749198e+01
1.742314435291258690e+01
1.917344091833811603e+01
2.391313396345537967e+01
1.043674486220719189e+01
1.218269805324378297e+01
4.178475435908988800e+01
2.341592099479258593e+01
3.030339014079750370e+01
1.925047139035046939e+01
4.149341706607182800e+01
2.966154997870103216e+01
5.384679579803218985e+00
2.989401784233112380e+01
3.666839126575396790e+00
2.796795709195544077e+01
3.873022838269662316e+00
7.264571929404539219e+00
7.519370548453395031e+00
3.533133980089041160e+01
3.141600118389503393e+01
2.338434196552574917e+01
1.030130984598324062e+01
4.384138339595611455e+01
9.298235745619308545e+00
8.216381504110159995e+00
2.723691715987476414e+01
1.632590841991626007e+01
3.283935385203226787e+01
1.226661223522145860e+01
4.353873833649050340e+01
2.759811101656183752e+01
2.639478847342103762e+01
1.005668609456508023e+01
1.167694750477751597e+01
1.119764919968805827e+01
2.313767816199721494e+01
1.930054568571767959e+01
5.445536848786034057e+00
2.312342320982479293e+01
2.209293311200232779e+01
3.710035032706569069e+01
2.062886079589503652e+01
1.274497817426534141e+01
4.377704237937425802e+01
5.518581921792986122e+00
1.429105471146317541e+01
4.073068693416033881e+01
5.957160648046126994e+00
1.530195551172246837e+01
7.887206273235435106e+00
2.836064815124915128e+01
1.561663392082891733e+01
1.923771483075103106e+01
4.055055708349206611e+01
2.732334301983954106e+00
1.981738944660497737e+01
2.400997357073299554e+01
1.949056074632601110e+01
2.824390104766316512e+01
3.533757152471172702e+01
2.193728084001088519e+01
8.996465583521271014e+00
1.942798184100168157e+01
2.800470715205468508e+01
1.401469289039999921e+01
3.372166377896050449e+00
1.538083294292756875e+01
1.955394055589349023e+01
1.539435493743066274e+01
4.030138343441056037e+01
3.624605318841558699e+01
3.429948372000993118e+00
1.278804866987974265e+01
1.020870979131761658e+01
3.965412643335153575e+01
3.255347125530507668e+01
2.490504092648041023e+01
3.156773203240859260e+01
1.957978314969463440e+01
1.111487807490911450e+01
2.443125847476450474e+01
2.276776363360646371e+01
9.290568371987660612e+00
4.381714752391033585e+00
3.113771079857541224e+01
3.632365226364683508e+00
6.327962705757627759e+00
4.456186607536324118e+00
3.786459846451358402e+01
3.245183200392339984e+01
4.105372412597931486e+01
2.405715945081745133e+01
4.366588902117271687e+00
1.584535985199359232e+01
4.325880533204764333e+01
2.332200063227583087e+01
1.619301263291873738e+01
1.782169650739506039e+01
6.743476240642579000e+00
1.028427791212681086e+01
2.378539632382337743e+01
1.638143461980079962e+01
5.345381080937258389e+00
4.754208400843483417e+01
4.668388621489366130e+01
4.079349046962742165e+01
3.445912929988755735e+01
6.178628305816317834e+00
3.726563216083278718e+01
8.911103366129765391e+00
2.088024887767252835e+01
2.076682801944647849e+01
1.203342382331972260e+01
8.324147800393092211e+00
5.285091286935028165e+00
2.052472557609719672e+01
3.767475396866702653e+01
2.459099839019300759e+01
2.437601491440956636e+01
8.815086731454513824e+00
3.793538635914799784e+00
2.452714430188993333e+01
3.663473608315383956e+01
2.271415921143324113e+01
6.096443197692181570e+00
3.631185018507760276e+01
9.547335801766308805e+00
2.298079843354847185e+01
1.218325103150452549e+01
2.043283754588037482e+01
5.088225279578210802e+00
1.375170151689397358e+01
3.720497137878691518e+01
1.420648038413109759e+01
2.971428413647682731e+01
2.200837233496058332e+01
8.738113811811260234e+00
3.655645809673694657e+01
1.069759336725755361e+01
7.927972731851539834e+00
1.441815489448903520e+01
3.154669893828948801e+01
2.277623830759326040e+01
3.165602936095429243e+01
2.641402586380062445e+01
2.137865975935663698e+01
7.162444622141578066e+00
2.218179868616682882e+01
1.674621539969457729e+01
5.204532893432252649e+01
3.444363725196943449e+01
1.971565556907253836e+01
1.444270736127522525e+01
4.886982726725093329e+01
7.224275923056794113e+00
3.356252660329007398e+01
2.522106500799323214e+01
6.906081608598881871e+00
1.400031542687506203e+01
2.017350166829798752e+01
2.470019806332561529e+01
1.586098273264892100e+01
5.239735561639179195e+00
2.828783668311774591e+01
2.366534389817552153e+01
2.286820790389334945e+01
1.189898671675132391e+01
8.699387397218956153e+00
2.232477156268011242e+01
4.061753160026722043e+01
5.686101978061486761e+00
7.175095509144284733e+00
2.247180996586848778e+01
1.390879182927874069e+01
2.937105224699067207e+01
3.236776482713185743e+01
3.112520039492705592e+01
1.902721590764997472e+01
2.011653597740853172e+01
4.534314524250505940e+01
1.740113889601913399e+01
7.924077217307655019e+00
6.099692179742802978e+00
3.772145451617411993e+01
5.969283646112174324e+00
7.347989123938731382e+00
1.949433801820590872e+01
3.591068211418352973e+01
1.334632994904018233e+01
2.615294435893178360e+01
3.105639313344936170e+01
4.148869845537774381e+01
6.179366804685088255e+00
6.280017600133234623e+00
2.012997355778639985e+01
1.724175037720875991e+01
3.621872885616564730e+01
1.832746599203267124e+01
7.946236924192049855e+00
3.053054544149986782e+00
1.022845887089493999e+01
5.430595365179058831e+00
3.838101674355087312e+00
1.161675357627333938e+01
7.045486883693257596e+00
1.266509087221385244e+01
6.554302179095401470e+00
5.219784213399904615e+00
6.978318700957998999e+00
5.468923358477269403e+00
6.384636383424705741e+00
3.006441389291152433e+01
3.723836532402383881e+01
2.577213115690382494e+01
3.506253770531895952e+01
6.248806347107091597e+00
4.297035013395505842e+01
6.522001197325209887e+00
1.980089336022138014e+01
2.392627867820574750e+01
2.040158196402224178e+01
1.904289006923319505e+01
2.231051311022085315e+01
6.601691893647426923e+00
3.992123797512937244e+01
4.059555615036624943e+01
4.357491850543758716e+01
2.381686559688591842e+01
1.019720875915275826e+01
4.620462706877631831e+00
1.031320153667246586e+01
4.809287219371633171e+01
1.551625896357685974e+01
5.460379826693227301e+00
2.554898912000628286e+01
4.679409276589871070e+01
6.343922937883263558e+00
3.444688224729593884e+01
3.229260819536761318e+01
4.002403624812307470e+01
3.655462047695016281e+01
5.091920422676196267e+00
3.594496323704246521e+01
2.340750467727032458e+01
1.212755795257204738e+01
2.350286947191024467e+01
4.977218273722599662e+01
1.070513451199548172e+01
1.077627141766217278e+01
4.004853575947411315e+01
1.876819497291194239e+01
6.736336068016669287e+00
2.514141376402383798e+01
2.346023523774586295e+01
8.246580622993448628e+00
3.054559437863697013e+01
1.641717918299607959e+01
1.681582400430889379e+01
3.995213975806805706e+00
7.243414763159549352e+00
6.990284686862651142e+00
2.955986425593498979e+01
3.203162180739656861e+01
2.672042594274600447e+00
1.589800947436120282e+01
5.589489578985791240e+00
3.329175617804019538e+01
2.915696931452481522e+01
2.405044178089177365e+01
2.494606457614646899e+01
2.457716237712594420e+01
1.852866490215535578e+01
2.613560958929696199e+00
6.511226408759483775e+00
1.783937615796799037e+01
3.434758276453663228e+01
2.270123582949176466e+01
1.705137478446226851e+01
1.431934391767205739e+01
1.914537253791569071e+01
1.835936397772601936e+01
5.065010955776142509e+01
7.126225122054364647e+00
2.232845293738512282e+01
2.451045755001749171e+01
6.532158344733929312e+00
1.419990435108933013e+01
2.009663328502574586e+01
4.383581751560944895e+01
1.272669555907341987e+01
2.115136348040024927e+01
2.581546326006269965e+01
2.152774599508437348e+01
1.970238579408535884e+01
5.477926408405433278e+01
7.650845782797929928e+00
8.718247456148105812e+00
3.291578858786413520e+01
1.206322101012713688e+01
4.851719429128930017e+01
1.338941626035641264e+01
4.351379660982612307e+01
1.963859723602671181e+01
9.674394931314481028e+00
3.857939473384224272e+01
2.255008378435003635e+01
1.298380742515296049e+01
6.081405291685172187e+00
3.937987872598817773e+01
6.167788377028529112e+00
1.547634432864262521e+01
1.330618148026000824e+01
2.501382217607572045e+01
2.462124209876989767e+00
2.981403527236707873e+00
2.269059606471283530e+01
4.949082196666046940e+01
1.006925220391954667e+01
2.310102703154731785e+01
1.033906880972435260e+01
1.704508525688126497e+01
1.218500370494919594e+01
6.803498448470534754e+00
3.301343033670189442e+01
1.225931451866566135e+01
4.282112439892974010e+01
3.108436887994355402e+01
1.268577469616222686e+01
6.387927771249891862e+00
7.380033392438804185e+00
1.162658502537786376e+01
8.583147186268078599e+00
3.247703211859407446e+01
2.417955863415237161e+01
2.005239433020516060e+01
3.375578015598313186e+01
9.054196071811745128e+00
7.657125283908484903e+00
4.677273082223777578e+00
5.305592284682953874e+01
3.649498080434369740e+00
9.031145508620511464e+00
3.959712040459591265e+01
9.104168509467783110e+00
1.604992623033507471e+01
3.575022299936900794e+01
7.301089452108826094e+00
3.061406054216533335e+00
3.385591938743715446e+00
8.340074527025265638e+00
3.110808547334774943e+01
6.985834587831789122e+00
2.239038647351041789e+01
9.660836773993636939e+00
3.423321703736174015e+01
3.117300986323173362e+01
2.834425411004865225e+01
1.768240508297523661e+01
7.294665119965671352e+00
3.113940805067944950e+01
6.801299844358723590e+00
4.919675845161170002e+01
1.415538118355574682e+01
1.388288220433705078e+01
1.022561302801770466e+01
3.692362916084128699e+01
9.790357008049383580e+00
1.699755914016623137e+01
1.046731640065722502e+01
1.627495999776411395e+01
3.463926052411260059e+01
3.317360477566012378e+00
7.074542955572113101e+00
1.888527892223841320e+01
1.315810957664710656e+01
1.456542559710906914e+01
3.888843210867591438e+01
2.628881534569182321e+01
2.237451016043218033e+01
2.791261058225810388e+01
4.535942523099802060e+01
1.964585752403951346e+01
2.840217707120319091e+01
7.179830131480713362e+00
2.614609951984845537e+01
3.988000924035129913e+01
1.234177916690511267e+01
8.221633650646140268e+00
9.047173131903562648e+00
1.255066552633202548e+01
4.834500432513536339e+00
2.209941135050215166e+01
1.380757305361574083e+01
1.779297569403530588e+01
4.304732274700921835e+01
2.399429854418714569e+01
4.394516419206169644e+00
2.208655595030786856e+01
2.423266647309168320e+01
9.229110324453330350e+00
1.023383586371760146e+01
3.826062092431143213e+01
2.599804584018994547e+01
1.506428643539227608e+01
2.156763004687751106e+01
2.235360333237701980e+01
1.573713988396745833e+01
4.876616830082014076e+00
1.470920004169329331e+01
4.464033767660312435e+01
9.535712932314993395e+00
1.572572836748321379e+01
2.288613861940143579e+01
2.822080211628990298e+01
3.990867779195779264e+01
5.747942097589174182e+00
1.406619604784809496e+01
6.792114466699644026e+00
5.288956804201859541e+00
3.070152215515684446e+01
3.816277196849213738e+00
1.196524581100977969e+01
1.899607264089027581e+01
2.180697781095474852e+01
6.595442125682865253e+00
2.277910161490535756e+01
3.896059465597494409e+01
2.033245700419138302e+01
2.973749833672520992e+01
8.545322328120704469e+00
3.500220032780498514e+01
9.121376423046925197e+00
2.816400256430019766e+01
3.645271264207812578e+01
2.961445738012091766e+01
1.537887715987885429e+01
6.025723476533102030e+00
3.023564686793041290e+01
1.083427234321528942e+01
2.685789772032986633e+01
4.364816388162217464e+01
4.127801830651179671e+01
2.803128629816389150e+01
6.395624380654325591e+00
2.737173516857196631e+01
3.919259210753328659e+01
3.931328220958690167e+01
7.309470578947539821e+00
1.430417996166330852e+01
4.334391149218002681e+01
1.075779987859522180e+01
1.737692072951112721e+01
4.571144035003443662e+01
7.212593379998750720e+00
2.510794428450783755e+01
5.360065572427723168e+01
1.202992945811365644e+01
3.281068016919377328e+00
6.439685605458919326e+00
2.393621994571233813e+01
3.771365345048339179e+01
3.334701791604794607e+01
3.924956388128705953e+00
1.975218071721225499e+01
2.664346856580507961e+00
1.780043949274484305e+01
1.109208141296485906e+01
6.860922111757687958e+00
1.471625926287858022e+01
1.266342414477264811e+01
1.345449789112694816e+01
2.268958326416738203e+01
2.149234599880257690e+01
1.069415112747684304e+01
1.817729851278130582e+01
1.078867839758613911e+01
2.795603329853985741e+01
2.335019264023858909e+01
4.838082423016061284e+00
3.583403841325164763e+00
9.744924199271110865e+00
9.247230100477011661e+00
1.253312510465720209e+01
2.126865220034643755e+01
9.190966236722601934e+00
3.510978107817829397e+01
3.287417899677898703e+01
1.140885750267952403e+01
1.906879993445937771e+01
4.312855439200874486e+01
4.324030418049977698e+01
3.780393842870580556e+00
8.751782414290602219e+00
3.754390037917816159e+01
2.716017083801624921e+01
1.618213415549860201e+01
2.539333859309810748e+01
8.950090730918034865e+00
3.917284044870328330e+00
6.034884812423953804e+00
2.653468555386483985e+01
9.284576691967160400e+00
2.138420640735310485e+01
1.085996889485714689e+01
7.521120205148733362e+00
4.035682226164527009e+01
1.698507243106402598e+01
1.850296337945198388e+01
3.945292877226482631e+01
2.825054783518896784e+01
1.031831472473446354e+01
3.782978369978491884e+01
2.650643979594974553e+00
2.376451065517593975e+01
8.743852282496860084e+00
1.421473191079131482e+01
3.872262216362315712e+00
3.381304236551241615e+01
2.781783698695026175e+01
2.316463088322993258e+01
5.013924158747300908e+01
6.909285984845539019e+00
2.727627520889099344e+01
8.556571186288024933e+00
1.676479496168160210e+01
3.167313988773519640e+01
3.453664232344635110e+01
3.065164278821771404e+01
2.482114522312818394e+01
6.988463403510678518e+00
4.653646337087948837e+00
2.360448164073756061e+01
3.181531225840263488e+01
2.004771065928288465e+01
6.045071499548470229e+00
1.728197318909982982e+01
1.449586360069824309e+01
3.171782591499308523e+00
4.051151270976708929e+01
4.262204250725815768e+00
4.110056176626585511e+00
9.257451441546848514e+00
5.055644263408226635e+01
7.032395192704839815e+00
2.561193664802613057e+01
5.596479731969083105e+00
5.252339463623243887e+00
4.228244528721852902e+01
2.552875166015340369e+01
3.542979381133778105e+01
3.331311741710300112e+01
1.740865190526659489e+01
1.736956890908616913e+01
2.394725011278809745e+01
2.705033396202708218e+00
4.890404094745164798e+00
3.623674548701375642e+01
1.303759117019674818e+01
1.420041624805102742e+01
2.591381577873899289e+01
1.249701410471158169e+01
3.024192807685280115e+01
1.547625637213295136e+01
1.114365269999417762e+01
1.869985612832043387e+01
1.160406348640192675e+01
8.691135870991175238e+00
6.759655366008473720e+00
4.702179068228076630e+00
1.911987823458751734e+01
2.271259510194680331e+01
5.464998121773459161e+01
1.034545647992638351e+01
2.319759903997595529e+01
2.074872357039558324e+01
4.183003071665714856e+01
2.988906875345612946e+01
5.083914751678904054e+00
2.335770666733536416e+01
8.864544116551357433e+00
3.092306657694963690e+01
1.278246600732008176e+01
4.175692521945575209e+01
7.095977986315347152e+00
2.098633625946405346e+01
5.767341642387307843e+00
4.220412189270715686e+01
4.275006567042481720e+00
3.478493822518614564e+01
2.147173222964939043e+01
1.650824411139721803e+01
4.124732972534340547e+01
1.161726017174402159e+01
9.198294546485811907e+00
4.357964644729946713e+00
3.392350918841719931e+01
2.167293562004147134e+01
6.065767966017020285e+00
2.247854589384202484e+01
5.434992518430588149e+01
1.854373706850813619e+01
1.133421216839492729e+01
1.994294607576509293e+01
4.133767141651716059e+01
9.119139941874536248e+00
1.114729374164797093e+01
9.167525126088591492e+00
3.603971048441915315e+01
4.266078911884164881e+00
1.843763374744533223e+01
3.727098340770783835e+01
1.945545548177048545e+01
3.939713964491303955e+00
1.282563321163401326e+01
1.818357870330731885e+01
2.076115554942150254e+01
1.392152517621093466e+01
5.532876231924120702e+00
1.272270947097607063e+01
7.401299222620835394e+00
5.593403081485945449e+00
2.047174220982469706e+01
2.167898450490287132e+01
3.601161881963534483e+00
3.362410547624266854e+01
4.556979070977973834e+00
2.034135103919675203e+01
3.116602981977820264e+00
1.337957659425507018e+01
2.449943700451909478e+01
5.738182899898447431e+00
1.437091096843353455e+01
2.396831584633518730e+01
1.003131485406525769e+01
7.999177962645632078e+00
2.014004105080186946e+01
4.450080499647654619e+00
2.446147403767473349e+01
6.472500935860750815e+00
6.979773153856257295e+00
3.746489750820965270e+01
2.426469361366375210e+01
2.732506176764923111e+01
3.213732508534828014e+01
9.404579117600775362e+00
5.772488901474616796e+00
6.491852402890003759e+00
9.981590835457254229e+00
8.900675200315461666e+00
1.179559565301534008e+01
1.564299474033506954e+01
3.923162832390640631e+01
3.176273320117505961e+01
2.281128037133042596e+01
3.870852610163562701e+01
1.077836909269606736e+01
1.064103995919735723e+01
1.425718236953439089e+01
2.846803944028865629e+01
5.047921351551871538e+01
2.192900816532161912e+01
1.211474246667651755e+01
2.865364556583195110e+01
2.346267897260494806e+01
4.149530205534687610e+01
2.867564494937305852e+01
1.709206062216827604e+01
1.071519465732902177e+01
1.292626142505839937e+01
1.876104396063766444e+01
6.287627585308143807e+00
5.999011690003925423e+00
1.390146446114967205e+01
1.862740191559035452e+01
2.377743936211101072e+01
3.810810696307640200e+01
4.821856267174311483e+00
2.465916977739709637e+01
2.205344010032595747e+01
7.242295128201277521e+00
3.791319063107545162e+01
3.286079566590280621e+01
4.066049208413389948e+01
4.755626019005703142e+00
2.878929575493956605e+01
1.347552151387554886e+01
9.368553625037691290e+00
2.333620816184667035e+01
2.798541539484027396e+01
2.029120318505728449e+01
1.893503060440886543e+01
9.177873362081342634e+00
1.653972993939068203e+01
3.179935394568494189e+01
4.396665738000724843e+01
2.143980497993347001e+01
1.338681922199344854e+01
2.094281606520824823e+01
1.787009911630447334e+01
2.002922260160129042e+01
4.077293889106115898e+00
2.122953897629655273e+01
4.001168733161402002e+01
1.062497999950211636e+01
5.130835709898320829e+00
2.039435473894704387e+01
2.068323822944958579e+01
2.243170139352849901e+01
1.408967041697410139e+01
2.988262640892411071e+01
7.817758592654996619e+00
4.100980147475218018e+01
3.232603221593571874e+01
8.702301295822110205e+00
3.278456660440620851e+01
7.013971102792908141e+00
1.871021523946875220e+01
1.033886749397987614e+01
9.232400449997300029e+00
2.188524079304791314e+01
2.168524139705277776e+01
1.536122469761855314e+01
2.166092477683886841e+01
7.621360821143014164e+00
9.895398465495020446e+00
3.936312397068258662e+01
1.256702581263822083e+01
4.698609215979132614e+00
4.484749918756834575e+01
1.050676719093509348e+01
2.170933686387522243e+01
1.363628013015117801e+01
1.140752920798976788e+01
2.982899471486084053e+01
1.663431275418973598e+01
3.306141289344514433e+01
3.232876004955885207e+01
1.283291068221842579e+01
1.712916795423625160e+01
1.314835600004587945e+01
6.832636565911329285e+00
1.270486907517609154e+01
3.111427011285761068e+01
3.238239666949431239e+01
4.829933396678410418e+01
3.621312585050603161e+00
5.660695084467036509e+00
2.313653156518242326e+00
2.105251542550460897e+01
1.961668073310305260e+01
7.627232692618107990e+00
1.730814993698963633e+01
1.304080278485797351e+01
4.324090240506375693e+01
4.183839063232820621e+01
2.619322871896466864e+01
2.563232818773229837e+01
1.668298985308317128e+01
1.525105302238358718e+01
4.726583589197692703e+01
1.068706527203704582e+01
1.537676498894113308e+01
3.879879611501195313e+00
3.887292058463794575e+01
1.310622842050571535e+01
5.973416106566816097e+00
3.060335938775011755e+01
1.637024888072423323e+01
5.400387621272795258e+01
1.198640753570333572e+01
1.618459998075981332e+01
1.423642464160973020e+01
2.168993725936014982e+01
3.456378871219285287e+01
8.922611933815261409e+00
1.911338293502242891e+01
2.645034651583592478e+01
2.399532941348367387e+01
5.871812547069779953e+00
2.394478154798305525e+01
4.307662908213721664e+01
7.982429767064900261e+00
8.999623248815254328e+00
2.848907219819962933e+01
4.067677679956176462e+00
5.080303266164662546e+00
2.383850584439493048e+01
6.323117989844959652e+00
5.315012842736621224e+00
1.025972887468952877e+01
8.330957409957889581e+00
1.549755709531459047e+01
3.975522822920637367e+01
5.732924706061965026e+00
4.985306917769910484e+01
3.584801620243241160e+01
6.730797233641112598e+00
1.551488134580657174e+01
4.351130688504710520e+00
6.770658040240448372e+00
4.269232754424211151e+01
3.362087441747279115e+01
1.037349036958381987e+01
3.272782893858992281e+01
2.735107461744651403e+01
2.737855149202429317e+01
3.296006583441948123e+01
2.816624866206714017e+01
1.694267755985697477e+01
3.047415528745636237e+01
1.604544071649974057e+01
2.170682760328875816e+01
2.138555704446974914e+01
4.122648332805565019e+01
1.310885126072825813e+01
6.015155227248754954e+00
6.622595057030054022e+00
2.899509825720986811e+01
4.304059285337564944e+01
3.207602936497561075e+01
4.078993140118155480e+01
5.352289296924467976e+00
1.190039478855111099e+01
2.390262620225402657e+01
9.101786254372512985e+00
8.930549927289618495e+00
4.012800524420740089e+00
5.388384259387862585e+00
3.038299228944178054e+01
4.458235389150383554e+01
2.122192375577073165e+01
2.111449382471779757e+01
4.019396262959531896e+00
3.129849894837100521e+01
4.470358705212674977e+00
3.958413422347625499e+01
2.743886433603518071e+01
2.504841428175133444e+01
4.345630390902062601e+01
1.794551240712010554e+01
3.213313358468855085e+01
3.099756941534624133e+01
1.963389292950240872e+01
7.389676752793960191e+00
9.216863695977920656e+00
2.070596777748174588e+01
1.501981302759028836e+01
3.138670919002626647e+01
3.633243346855209666e+00
2.182428277662424421e+01
1.041578662878323769e+01
3.174077954458089579e+01
1.418694907661952698e+01
1.986143091880765610e+01
2.116601968301573322e+01
3.230667410335252043e+01
4.071146349585891500e+01
7.107248751328214098e+00
4.621798681509832107e+01
2.253953113409239961e+01
1.897147853690340469e+01
2.307132939425204654e+01
3.647647061080096620e+01
3.795288391596490385e+01
1.753288948561055349e+01
1.297246551333968512e+01
9.994735424908853361e+00
1.924235547029361726e+01
2.697435614782637003e+01
2.877505680239509189e+01
1.559963309840671286e+01
1.389315861015228393e+01
2.311076113798181098e+01
4.912791861195641729e+01
2.871399614083359353e+01
1.346067303233614609e+01
5.640441152105751144e+00
2.225599160150726163e+01
4.171149121629267142e+01
5.527319207410867818e+01
7.403468867555446309e+00
6.771781932092949319e+00
4.271127470447991925e+01
2.912486032142703607e+01
1.307105949901165332e+01
2.728940162658665969e+01
6.482742254751784117e+00
2.629898535362474377e+01
3.982450944177121244e+01
4.086801444191389265e+01
1.214123106709389788e+01
1.824801426913857938e+01
1.001883478326742249e+01
1.434069868116060320e+01
2.682301186470111531e+01
1.861605227102695892e+01
4.498927039861058574e+00
1.605557506800428769e+01
7.174091623138977525e+00
1.600371750854201025e+01
4.235103015059635823e+00
1.412426599108542291e+01
2.292896323805268821e+01
6.038578450822456034e+00
1.960337868129586525e+01
2.040677758344956771e+01
1.482389346950228060e+00
2.767321737108986213e+00
1.780113566965033556e+01
6.822526744135402055e+00
7.344187929717222119e+00
6.720992296432072521e+00
1.886123821609518814e+01
3.425092575967255470e+01
6.745519979102752472e+00
1.199538181090585454e+01
1.402666475171578497e+01
3.942703194935130284e+01
3.422740135608833612e+00
6.646074416187460088e+00
2.246599211432430820e+01
2.310449527060463026e+01
3.590750570917859363e+01
2.274242080570378732e+01
3.914162182839234561e+00
4.354696790952732499e+01
1.642350779179311360e+01
5.488066567063461321e+01
7.403204442061763757e+00
4.487906052308318294e+00
1.178776443027430787e+01
3.350475865851073820e+01
2.446032801492331998e+01
1.277412964575846388e+01
1.523689610345780920e+01
5.101779495470665893e+00
3.264521167884096542e+01
1.274151708635298519e+01
3.645706961505273824e+01
2.414707211912606510e+01
1.475800875930131895e+01
2.196699150319564353e+01
5.709841796454597329e+00
3.097163299169909578e+01
1.470992191000011928e+01
2.296804290771109436e+01
2.203030368136280970e+01
2.014763817645818733e+01
2.382018161396544542e+01
5.482754078148801113e+00
3.063737810839845110e+01
5.773154139341286850e+00
1.872165810581117285e+01
1.948078648822379932e+01
2.614183853854798656e+01
5.492404642332118669e+00
1.643987567439262421e+01
3.969954038920433703e+01
4.225654114927868932e+01
1.169520196543240331e+01
5.018559195081989799e+01
1.009811201646016343e+01
1.827967246486483077e+01
2.969666443968165481e+00
1.541651211486988871e+01
3.789597102374342796e+01
1.963132677657924319e+01
5.809045213024020882e+00
4.787311159379887471e+01
6.351019628044198839e+00
2.433779373433225146e+01
1.935362502793411466e+01
3.657364913111081250e+00
6.143856698896868807e+00
3.385267044779701706e+01
2.484953859829565204e+01
6.808002637114270783e+00
1.225824249462171167e+01
1.033241916570385399e+01
4.415698239772410005e+01
3.065093831703539706e+01
1.555093550590784446e+01
2.127857285284221689e+00
3.570507596049111498e+00
8.003601519432677946e+00
4.242249821913659957e+00
1.592389616906035599e+01
7.212901803813096535e+00
2.089544225060791405e+01
1.106666894049806160e+01
1.824402636887730011e+01
2.601068746876880766e+01
1.699827068307877198e+01
1.194102527254996460e+01
1.015418322656353212e+01
7.114222139915966636e+00
1.408909659898412770e+01
3.210156742256778273e+01
3.218546038391556863e+01
8.291463054643813280e+00
2.767949117711649620e+01
2.388223987707594631e+01
5.919250197791612322e+00
6.901262277254986088e+00
2.584018449707978959e+01
4.016751160394520070e+00
2.320123508290896552e+01
2.787497399728626135e+01
7.295502109589520501e+00
4.474328485566346103e+00
2.200337794025070082e+01
4.023328522486445280e+01
3.576781413590863679e+01
1.505496719022561081e+01
2.105399611499387902e+01
6.206947838224181169e+00
3.174418930657072480e+01
2.611652602214240915e+01
3.117733284701802887e+01
2.134055760206540242e+01
5.054313270533334901e+01
2.139876481280867893e+01
1.554746233114855158e+01
1.234962439896001740e+01
3.280342174177157233e+01
4.405753399328332875e+01
4.688841998770385544e+00
1.802078196898899876e+01
2.184359042100795989e+01
3.142444588426101859e+00
1.642846761223894703e+01
2.826726702718777062e+01
1.185387398086325561e+01
3.797389038717617638e+01
4.711858235604815093e+01
5.254037066091456154e+00
4.286168511702241801e+01
1.104248569516576595e+01
1.546078420052249669e+01
1.225756687082092355e+01
6.485884417146536407e+00
4.373582431972252493e+00
2.804384274991637227e+01
6.502227076672241424e+00
1.137944547416053354e+01
2.499050486345579714e+01
2.399048850627926299e+01
3.455759315620105099e+01
3.171872014606280032e+01
1.423078907753927069e+01
2.443158066238687809e+01
2.554814646353409557e+01
8.650495750637176684e+00
4.053167613617404186e+00
2.592774038877550424e+00
2.087949499330066772e+01
3.532554857963845762e+01
2.658747202007284471e+01
5.171976389812883212e+00
3.049980946905032653e+01
3.299320339180567885e+00
4.604307788435917814e+00
1.706054263662021242e+01
4.654011513696122648e+01
4.266295954945945823e+00
1.800597936092056273e+01
2.365942429137635372e+01
9.368314370461519047e+00
4.468396977736190934e+00
2.066677473223637662e+01
8.054932400079920285e+00
6.411051861654271988e+00
6.499784916202685281e+00
9.118316231316597964e+00
4.107290490666252225e+01
4.285679967273395619e+00
1.366735465608010713e+01
3.912754336615027739e+01
7.603085617370709315e+00
2.023807825562164453e+01
2.622250730799618879e+01
3.232421246270072146e+01
3.591630716957527625e+01
2.551311301859990976e+01
2.044860352889945432e+01
3.329497896179866956e+01
9.411904317442477463e+00
1.213428721738907257e+01
1.441218096375769164e+01
3.332404400697073754e+01
5.643513594437507663e+00
4.054122981295604689e+01
3.839667650150106937e+01
1.230453210536160213e+01
2.047347515031606235e+01
1.892420749480210418e+01
4.976368597695085327e+00
5.807411854970865761e+00
1.899320057177511956e+01
1.397487219204369069e+01
6.209502926726443661e+00
2.482081177975472031e+01
2.688519890686822578e+01
4.411627519618406268e+00
6.001311589253674583e+00
1.771598835631692737e+01
2.364963034163206146e+01
4.353383242201388725e+00
8.699816379510437514e+00
2.236270647088990415e+01
8.088711198090422272e+00
1.469351754767222928e+01
2.956427699072603588e+01
4.435687446099694142e+01
4.458461298671437589e+00
8.203151007458032495e+00
5.446935892288593095e+00
3.069018330434364827e+01
7.004790243846557019e+00
2.545917000631045823e+01
1.441826040671875830e+01
2.093960686909426272e+01
1.920162345049590158e+01
1.697425347378728588e+01
3.160022121736962220e+01
4.414112108672510715e+01
4.395944459083187184e+01
3.764809555491656567e+01
1.172998905586172214e+01
2.788404775488601217e+00
3.892149096427410626e+01
1.588195212316072968e+01
7.732980463947512817e+00
2.871028893473395982e+01
9.888248442879685740e+00
1.820879748945631604e+01
1.176599413647950598e+01
7.367784765317480833e+00
3.791865040399393649e+01
2.985439359428737305e+01
1.231813828314135151e+01
5.398235535912887428e+01
3.382847616162877102e+00
2.259633539354278753e+01
1.322478860933421174e+01
1.154358258506455570e+01
2.616552615900774725e+01
2.786153054766676718e+01
7.162302653952437481e+00
2.334559939350620539e+01
2.627055919439290221e+01
1.724528874975788995e+01
1.292943664141704119e+01
2.152557202485064636e+01
8.106058557389602015e+00
2.436227172880332148e+01
5.167266935087397428e+00
7.300668093469482756e+00
1.686027534668410510e+01
1.174140887718030513e+01
1.711156460236976784e+01
2.076897136836622337e+01
1.247045294830806483e+01
1.960310056107215360e+01
3.435685904402544111e+01
8.850517501804148424e+00
5.219240036272073269e+01
1.146177484831716242e+01
6.950953547758487616e+00
1.075487796725302303e+01
2.376243757356962760e+01
2.451836430493614216e+01
1.438819881683834012e+01
5.411259990098358230e+00
1.204931384961969343e+01
4.061809943427618919e+00
3.426945408008407412e+00
4.295276615352069882e+01
2.195729360483154835e+01
4.985695901174699429e+01
1.053389879967414799e+01
1.572548436509731573e+01
1.532491037055736172e+01
3.837699907797926357e+00
1.336196727015085628e+01
1.140763959899440749e+01
1.532297114444996566e+01
7.444108995614655555e+00
1.105119287015233454e+01
5.334297111457232177e+00
5.170672074126599682e+00
1.940758732368736617e+01
2.256667507239416182e+01
4.142614382243494475e+01
2.193081465631424010e+01
8.908123991110286966e+00
1.040105502000980664e+01
2.526873543119815224e+01
6.344268819757161282e+00
2.099590771760881580e+01
4.328873140838069844e+00
1.713478584420349193e+01
1.728638572848267074e+01
3.497385502956630887e+01
5.434407141915214368e+01
6.392651078445197754e+00
2.815840189996152532e+01
3.797105057309767062e+01
3.991657927672168427e+01
6.249009859483393825e+00
4.829385775348158205e+01
4.397334246835277582e+01
3.290419949642733854e+01
1.374275703017238470e+01
4.232061762420276096e+01
3.650427788197784196e+01
8.951960741766583851e+00
2.139749162671213867e+01
8.248533063404693166e+00
1.883052220007292021e+01
2.740891334803357182e+01
1.946176581137416406e+01
7.964274148259832486e+00
1.347477674531866398e+01
4.693474612322068396e+01
4.983527023171518522e+00
3.876194547229106036e+01
1.151034183188447457e+01
3.691828724762544311e+01
1.433125707441688235e+01
1.065375318397950366e+01
6.349383096861586750e+00
3.352555032660254142e+01
1.779483755380309162e+01
2.307061616569896501e+01
2.410822505832155116e+01
3.008136821979451270e+01
7.120352133494080249e+00
4.438890628076876510e+00
3.715273209820608713e+00
2.039253100338460456e+01
1.110721043607362901e+01
6.637731037211324292e+00
1.142573320265090331e+01
2.394644507901452357e+01
2.576615172805041709e+01
3.363517111385846903e+01
3.207734603452195188e+00
2.722837205665777560e+01
2.778569633649423309e+01
5.192040247514640328e+00
9.361400327822622103e-01
2.006165982685405424e+01
1.992012657519099150e+01
2.592629271331895779e+01
2.415590367318898757e+01
4.258437070927168833e+01
1.343129806619060673e+01
3.059030853703681174e+01
4.444148165470097922e+01
1.466675424728195765e+01
1.860169945743677999e+01
3.358009692446260175e+01
7.665010685603888874e+00
3.101235371149731890e+01
2.240890794815253173e+01
1.932414189986707242e+01
3.582387922487897214e+01
1.016206821042689512e+01
2.192294606189031470e+01
4.962660671969204174e+01
4.137520910670607321e+01
3.285855456050084911e+01
1.005031902166830093e+01
1.602436243404800109e+01
1.063680385803363038e+01
4.461176938053620233e+01
8.455572125252729165e+00
1.174578461394395390e+01
1.251322531110263014e+01
2.406706874815080255e+01
2.043411839556304699e+01
8.541380969641295451e+00
2.124941143131913179e+01
3.640754620020418031e+01
5.639099834790044952e+00
3.942715664859365177e+01
1.810809369301850325e+00
1.103015860225023914e+01
3.632931974645231321e+00
8.002324642785310971e+00
5.173438687101790379e+01
4.053592657058246118e+00
5.193047834391961715e+00
4.339611311299597673e+01
2.474841441296484845e+01
1.723494701932297346e+01
3.173640546861946632e+00
8.319623560756710390e+00
1.381741923153126095e+01
4.231004606911438515e+01
2.011398128247731165e+01
2.208270588898567155e+01
2.553580342198094399e+01
1.148282168794931124e+01
3.026663865105658147e+01
8.573475684546963294e+00
8.575661940212754075e+00
4.640462587144142503e+00
7.699545717343838191e+00
3.126648029322471700e+01
1.330304365814946266e+01
4.841402812095830654e+01
2.064497568113625903e+01
1.357192953686748638e+01
1.062245258962688865e+01
8.194917245979013387e+00
5.471921397067973203e+00
4.679143052530875480e+00
2.312255700291602523e+01
7.258203365713583821e+00
1.549315625409600727e+01
1.726759547901110636e+01
1.718715532187331974e+01
7.012472235323699010e+00
6.756336911046446403e+00
7.906302325277096088e+00
3.630909005835854231e+01
2.538468220761613736e+01
7.608175298793611319e+00
2.246800982182453765e+01
1.395566585128858605e+01
3.707787952971062140e+01
2.144013328173861055e+01
7.238271451191295114e+00
2.692357208687893433e+01
1.702866521360655838e+01
6.637455759676697653e+00
1.679866138921165941e+01
4.751029121013477408e+01
1.827826842192978063e+01
1.713052730228483256e+01
2.798762868912724855e+01
3.675530927669839798e+00
2.643670952438608879e+01
2.931198856931506214e+01
9.421408565953569791e+00
1.674548881171091352e+01
3.154837937120920088e+01
8.249281367989411251e+00
1.110746393213953809e+01
4.090164548549571322e+01
1.825288297786408975e+01
3.934154363915330066e+01
9.874067915422131136e+00
2.799887671051237703e+00
8.335558745428670591e+00
7.434198897471532064e+00
3.201346543833607683e+01
2.805167140449867702e+00
1.422246399335850242e+01
3.143258734883590222e+01
7.874982098208278103e+00
3.062801116020460768e+01
3.653288688979273502e+01
2.444715987504768862e+01
2.671812135800351484e+00
1.862923218067331277e+01
3.792789837151889287e+01
1.359645040917948222e+01
3.182636126558774947e+01
1.408307819983724585e+01
6.189122655722002264e+00
2.440076079011181776e+01
1.055343318290479715e+01
7.064082348079196549e+00
1.572397577007990321e+01
1.100161174986780566e+01
8.246215741163169355e+00
1.172223347945104877e+01
1.821197724921812267e+01
4.185409331734810223e+01
1.692894948702462443e+01
6.084291593655166253e+00
4.898725134335109033e+00
7.893651704914205425e+00
4.134810014975315084e+00
2.378919720684253036e+01
4.909258763253055236e+01
8.938019660761185037e+00
1.990063788128063038e+01
8.026596009688248046e+00
5.294508030070630866e+00
3.208937575286608279e+01
3.883964985356357147e+00
1.663605013268140453e+01
1.479754677403498420e+01
2.255386797629627438e+01
2.492577745585590776e+01
1.773351166938948609e+01
1.164300307716217731e+01
1.242996044765881436e+01
3.304812345056163281e+00
6.932141196515217985e+00
1.834234399397281834e+01
1.948769728985635652e+01
3.116838676427806831e+01
2.639881447658836322e+01
3.351681424352810978e+01
3.461783638535992225e+01
2.179148298498054714e+01
1.358558196225115466e+01
2.295985984388025258e+01
2.377980541860678443e+01
6.054750273273384664e+00
2.706105182106659868e+01
1.155352947299225264e+01
9.609327040623412586e+00
1.282506009262959878e+01
2.895994181751260044e+01
3.782899270918293411e+01
6.303031656714125575e+00
1.033106590348252496e+01
2.728396589533910799e+01
2.676247824139839793e+01
2.255390110016031713e+01
2.639819089487198056e+01
1.781503320425215975e+01
1.717869812460165235e+01
3.729062738665405163e+00
4.486157713176100259e+01
3.872901432343908823e+00
3.619029047356448103e+01
3.087614985514117194e+01
2.419010794476004378e+01
2.031943077391817098e+01
2.730344133272338780e+01
1.178052050038409959e+01
1.584947651407009062e+01
1.385222787097987407e+01
9.021199110863889814e+00
9.700783369663227518e+00
3.986077320406607782e+01
2.205402302724507990e+01
9.448275089808277016e+00
1.832194403336359301e+00
3.695478711252775383e+00
9.992757722562942035e+00
9.094134269069712673e+00
7.891536263223741798e+00
8.242827695432183077e+00
3.496398206278811926e+00
3.776556168515663359e+01
2.025269480618003115e+01
1.949727336587248772e+01
1.643637768473624305e+01
2.248413887139680867e+01
9.309761793939543395e+00
5.071001481610863948e+00
1.425301721021449453e+01
2.189687475735679811e+01
1.590411888871622637e+01
1.243688003558835931e+01
2.511849083472478128e+01
3.056318687177512317e+01
5.233222125992639917e+00
2.190427762914464438e+01
1.072407827827652227e+01
2.207122876249940191e+01
7.899766622892840928e+00
3.358137599714108745e+01
3.258277573174402164e+01
2.290705170158203430e+01
1.890856552763776222e+01
2.725761339254502502e+01
7.717234593142265453e+00
3.107549591940676947e+01
2.325561670144087145e+01
2.705802030726199803e+01
5.332838990912913602e+01
2.351821178494853370e+01
3.078145720217453629e+01
3.172915689957952168e+01
1.017660055818451781e+01
5.173083743388630751e+00
1.630656586472738923e+01
1.909003231603068684e+01
4.023075631416439535e+01
6.982575581597501468e+00
9.783321245800706834e+00
1.419283325453756106e+01
2.380952726989953305e+01
2.456326163551715069e+01
3.973550390328688309e+01
1.219599436880116627e+01
4.846841085483740841e+01
3.740840783071590181e+01
6.933297763030751071e+00
2.838951648776998127e+00
7.360739901798098117e+00
5.476367980094663324e+01
2.157708403106281025e+01
1.121832023167524994e+01
2.055649976407507040e+01
1.215896483365737879e+01
2.833275761475950816e+01
4.275146609170700884e+01
5.744015331856473949e+00
1.802439091376561464e+01
2.314510943056831138e+00
1.030164128832703341e+01
3.306907180895451859e+01
3.396434470187669774e+01
5.510752900896403617e+01
3.745706520902601255e+00
2.552453299728763625e+01
6.012271332800125379e+00
2.303822108664017776e+01
4.867199608391042887e+01
1.872290176508911941e+01
6.225292726130362553e+00
4.161831044843424365e+00
4.554856670175524869e+00
3.800012835391394361e+01
4.003646023616744287e+01
1.383990313623982615e+01
2.879937099510584630e+00
4.815295163891103414e+01
4.189550654115571859e+01
1.483962262994727155e+01
3.989756832538903808e+01
6.269767666912045456e+00
4.824234200653563676e+00
2.871007556041410425e+01
3.755021298929107587e+01
2.020595713677224126e+01
2.355366878596352365e+01
4.218034824564944785e+01
1.584706806514897437e+01
5.486619717068739277e+01
2.604381043518755234e+01
1.448976991287699434e+01
1.699767580287230828e+01
1.997066346193074082e+01
8.556656774653902175e+00
3.401258394215517455e+00
2.807593689535175940e+01
4.544759769126059723e+00
2.015435462349540785e+01
1.179685827434983025e+01
2.405547063622084636e+01
5.458665568026930259e+00
5.099782399777593866e+01
2.847062470423576030e+01
1.348888632885613958e+01
2.860456603426932531e+01
1.526652327362418760e+01
1.006578047200714821e+01
6.421208260457376582e+00
1.994636746226308333e+01
3.451108499819061848e+01
2.014848886792506732e+01
8.672512912059431756e+00
1.662214245111364619e+01
3.532767274751535069e+00
1.077729994581437722e+01
2.171163442162057322e+01
6.152915353075698590e+00
3.988537100040440464e+01
6.820544571031533110e+00
7.507092969700948970e+00
2.590738418061253867e+01
1.257974411828685390e+01
2.543623170089720986e+01
1.561752362518542725e+01
1.418520361350535097e+01
2.174789084024885710e+01
1.845213539330755737e+01
4.394096680426738288e+01
4.030299469430636350e+01
3.310849084325768388e+01
4.995767954303539682e+01
4.068418015080936812e+00
3.977709414346932704e+01
1.567120860381919556e+01
4.710717359332420529e+00
4.391707829799661766e+01
3.916128572678655928e+01
1.266882808010522865e+01
7.972463262759404756e+00
2.047900760067540205e+01
9.698402313575826383e+00
3.931760341052412144e+01
4.137370277115072525e+01
3.055665226242446408e+01
4.258171839482677257e+01
2.008076184720420088e+01
2.161134658999242220e+01
5.182561201310889487e+00
2.119343335663035077e+01
3.342385353662382386e+01
1.841151137496377999e+01
2.269705006269117575e+01
1.318771610901441704e+01
7.001749211696193242e+00
1.544554191548947131e+01
6.185295156070395706e+00
3.573113562750975802e+00
9.943964624073700520e+00
1.368803687390695245e+01
1.447027998705122798e+01
3.466548333432154294e+01
4.940517489136780682e+00
3.756544478083488769e+01
1.803752793544563815e+01
1.963685301445865150e+01
1.912578185537553566e+01
9.123334338836755819e+00
6.751295982588487732e+00
7.920110320399061266e+00
1.354902488786289894e+01
7.922316356519289116e+00
1.793285322866678655e+01
2.794068649622035849e+01
8.493873270139104648e+00
1.385071131880255280e+01
3.056212865741543538e+01
6.773297900793977533e+00
7.818508191628822601e+00
7.311282312939596295e+00
5.195657286139152120e+00
7.441972878713926320e+00
1.968555265227914219e+01
2.573800807881252695e+01
2.563224075535909208e+01
5.543254908612595955e+00
1.214290113755734524e+01
3.741801001161434215e+00
1.271517882792818455e+01
2.813692710218025184e+01
3.940058991083020601e+00
1.518355235043301832e+01
1.120446252451773717e+01
5.185907692296154892e+00
4.988301895091311167e+00
6.330284536396902695e+00
1.330998258070817997e+01
2.769745728046683553e+01
8.962571419205602297e+00
2.127001868733997014e+01
2.518637883559404145e+01
5.278961357201112037e+00
2.600138578044754212e+01
2.886465715423359057e+01
5.422081576492402633e+00
2.115563672995754985e+01
5.914972264234492627e+00
3.675215032057030129e+01
8.238857975023762492e+00
2.752213614328737634e+01
3.708746212778373774e+01
1.639329364787678855e+01
1.029893752563879161e+01
1.560772509047036749e+01
3.611893008391112403e+01
2.511004296671825387e+01
2.123748444714428274e+01
2.011004931311438781e+01
2.259336090682118936e+01
2.687248882605174316e+01
2.181391320313909432e+01
1.229132957760549516e+01
6.688760252126414230e+00
1.692904226447024030e+01
9.035652489965954715e+00
3.711047760098654180e+01
9.495895879911103066e+00
3.893768090594227260e+01
3.863025354604580741e+01
1.713957512918348414e+01
2.508546279646125754e+01
1.205515448606755058e+01
3.178075754032511924e+01
3.648574225405268123e+01
4.740656066841978600e+00
6.064713089399901946e+00
1.252650627932179361e+01
2.241805944116730132e+01
2.075953836692704613e+01
1.426628250961535116e+01
8.669816006388472829e+00
1.164171660163340505e+01
7.960765635150195862e+00
4.348429213427105822e+01
7.630901400230328591e+00
5.311564332896777785e+01
2.518678578136410806e+01
1.881798274956457817e+01
3.998860200968523060e+01
5.049671071754562490e+01
6.883015707456308974e+00
4.675875520248666817e+00
1.561812367413989477e+01
4.092286164527538261e+01
2.824036614277251545e+01
3.261037272457472369e+01
6.673566697370063139e+00
3.292735134921793616e+01
1.587361491865141261e+01
3.271730189298495617e+01
7.087765840699461251e+00
2.360917884685024148e+01
2.148104662492453087e+01
2.111975707239415101e+01
8.732248088358105065e+00
1.250808750554499227e+01
3.418092178198307352e+01
2.260350971771372031e+01
1.918797632158134547e+01
1.747185196625058268e+01
4.185918595045401247e+01
4.694947774305916255e+00
2.602051286257073315e+01
3.973414278014910650e+01
3.608397300602218394e+01
2.017736451686695887e+01
3.438756094018226861e+01
3.102701357604949806e+01
6.642846323939195941e+00
3.322993317525329360e+01
2.929385210506342929e+01
6.594156326438636029e+00
6.297806254352693145e+00
2.148158096938746553e+01
3.558377738227576259e+01
7.302331822558997487e+00
4.949855230109221793e+00
1.382057848741872874e+01
3.034525566799629814e+00
2.765490434628342342e+01
4.367564182934160044e+00
1.154445719095724598e+01
1.975356837469092852e+01
3.132880071447805648e+01
4.362347762747020852e+00
4.444005801144538026e+01
3.263320080382482757e+01
2.092796184523464831e+01
1.423180079922427410e+01
6.159977919467863217e+00
4.068560673974587871e+00
4.378871982891262604e+01
2.968477935128523626e+01
1.183612100324448591e+01
2.321584870553485302e+01
2.050924982572334443e+01
4.040073596289393265e+01
2.659606110427006342e+00
1.069636766218521018e+01
1.266315207888101213e+01
5.835688946312671987e+00
3.197656291096647152e+01
3.735658815743420291e+01
2.949701625488822287e+01
3.623745041546345647e+01
3.496187744510864093e+01
4.439290728711195300e+01
2.152523695261361070e+01
1.432069798945568095e+01
3.761644680728788614e+01
5.362865799251967758e+01
3.669665239712855964e+00
1.507948305872794492e+01
7.558134910310982946e+00
2.099563645053403604e+01
2.471402867485713273e+01
4.594645669507132624e+01
2.266346692134675322e+01
2.507699264894016267e+01
3.538605252609655594e+01
2.956377245334443415e+01
1.429549949337368275e+01
2.582755243874942153e+00
4.284553738731614203e+01
1.875634104293698101e+01
1.550171632372570230e+01
5.220108729691077087e+00
3.291343141920193460e+01
1.410422464670719478e+01
1.653301543717307709e+01
2.289819497446900698e+01
9.007442365178405907e+00
4.657457255227157589e+00
5.229667971514160740e+00
4.012278968732386630e+01
9.861822371306359969e+00
2.328658031312419041e+01
6.241735181418377465e+00
5.273715079394678185e+01
5.290461786079711004e+01
3.772775352266293680e+00
1.682530895763542844e+01
1.187567669558890771e+01
1.765463416503348526e+01
4.828914107505642761e+01
5.402256077430592995e+00
1.775017754155248895e+01
2.141815474132580732e+01
2.721521179156768966e+01
4.829939974829007809e+01
5.645783011074172464e+00
5.160213292381612860e+00
1.254334468828513138e+01
1.392496225801733090e+01
6.634722981662278585e+00
3.624080202982612775e+01
3.152325470895581816e+01
8.692636568615313308e+00
2.424530893386901198e+01
1.785031603979786041e+01
2.107057644858194578e+01
1.958815107566674385e+01
1.698252301256805197e+01
2.586633664873691885e+01
1.992749245238800881e+01
1.933473276758354586e+01
2.148337053304526023e+01
1.916558810779652333e+01
3.302179298721338796e+01
6.325509670522862393e+00
1.706627861802428470e+01
2.485005235349608199e+01
2.231239820050842582e+01
4.790200542290548924e+00
8.258285125078103306e+00
2.344800167576251226e+01
3.568292377043211161e+01
1.365750837537815698e+01
7.752615764732269099e+00
8.099870618401283195e+00
1.292537050054589542e+01
3.841680692748781212e+00
4.715822348226907934e+00
2.092859142007424111e+01
4.136855068847282269e+00
7.654615467548566698e+00
2.365163630635863967e+01
2.021583659080067719e+01
1.369837414734215031e+01
1.420883904273145504e+01
1.225132750309991536e+01
3.168774405546033535e+01
2.304496019037088672e+01
3.340734545829930369e+01
7.310915039612439159e+00
1.186595610152554059e+01
8.362684557058656765e+00
5.567063843566671721e+00
2.702797978271156865e+01
1.062742325524335740e+01
4.432022714199612068e+01
3.546258919561235246e+01
3.465295755322025428e+01
2.547205528849845280e+01
2.120396560700842770e+01
2.494044998613804864e+01
1.795799580729529055e+01
7.776194090379689783e+00
2.205975708317468786e+01
3.105581294968237671e+01
3.773673382243973151e+01
2.626902044356427268e+00
5.161740282801815738e+00
2.904668836269224386e+01
2.400347945167970920e+01
4.338730028184137666e+01
3.513623383902093167e+01
1.957996604528639750e+01
1.199415820804613020e+01
7.491423502707988291e+00
6.051214313491001917e+00
5.958695133135961441e+00
8.991600689335314200e+00
2.075051520068686273e+01
6.039726068649315494e+00
3.917639422867212318e+01
2.847025386417196557e+01
2.354368681124846319e+01
7.465624069825921083e+00
2.005040523955968013e+01
2.144130073262671488e+01
2.328248621139962893e+00
1.419167781981812482e+01
1.426964052199535615e+01
3.369279249019903233e+01
1.589359741587458075e+01
4.824533195387630258e+00
3.242618473451159389e+00
2.325490126565010485e+01
2.474370210943298787e+01
5.921780303259311040e+00
3.466102760964290042e+00
1.755225721465801314e+01
3.734633843528641250e+00
3.544702199790239661e+01
3.992201934801798302e+00
7.374206025270709119e+00
2.561493295684661575e+01
2.498021867523004858e+01
3.282111077160470813e+01
1.584274757632300634e+01
1.956819442399090292e+01
2.100285401575939659e+01
2.170412259810342448e+01
1.166017690524671480e+01
3.366662079582183509e+01
2.627584321339067230e+01
2.495402489568448345e+01
5.089715034581814734e+00
2.415997999546988240e-01
1.323698289972138298e+01
5.070322837972361896e+01
4.322719422904040698e+01
2.363580056110042449e+01
2.964510286835955100e+01
2.920851147191245190e+01
7.392476221585340568e+00
1.287225521969332931e+01
1.109258889730358533e+01
4.184953889956513962e+01
4.045668842210719163e+01
3.134428821245730745e+01
3.774576768590138443e+01
2.058735099812804492e+01
2.974554381263968139e+01
3.140698641627628263e+01
5.430872837506941408e+01
2.561933290628640236e+01
7.844838319950227401e+00
3.590231966848179468e+00
3.348634911292764826e+01
1.415969535768505239e+01
5.388484178518751833e+00
2.878206351263581553e+01
3.136121260951109946e+01
1.736513283373828642e+01
2.211180303879895348e+01
1.431999214485082916e+01
3.656892552637548732e+01
5.171242596113838630e+01
1.987056918908442071e+01
7.292964529620689973e+00
2.232794298838346947e+01
3.101574444916039397e+00
3.714341499493031051e+00
2.151746647031590953e+01
2.382186628142422080e+01
3.019469003213662006e+01
4.024853635069478486e+01
1.560490932956535914e+01
3.713406222458829831e+01
4.328259898715014486e+01
1.825496002482880442e+01
3.362164841503546597e+01
2.893827588120209526e+01
3.994984196568992729e+00
3.435725608193422431e+00
1.426809861272323587e+01
1.706282833900260698e+01
1.069615131213988946e+01
1.515161650967905871e+01
4.258433572401121836e+01
2.522319339483362910e+01
5.046896799172827741e+00
2.195523505188927516e+01
2.458868547134969162e+01
6.898658972017997826e+00
7.756066545329247219e+00
4.493679571707541953e+01
4.006371301606293400e+00
1.256297263382859342e+01
1.316480423507773878e+01
2.093688062545570006e+01
1.441026222299807102e+01
1.894082356963345148e+01
1.534873120669489310e+01
6.774464192120319694e+00
1.878888794565250464e+01
3.985613481649339462e+01
3.897336983660807164e+01
2.222046422726842252e+01
2.017557398846741989e+01
6.183429072511486879e+00
4.889841573073937298e+00
9.098210424769305860e+00
1.340152283129043553e+01
5.217182259975615466e+00
2.011860826238773825e+01
1.509771737771828271e+01
5.255889452199483003e+00
9.789659577331860874e+00
7.624133709978380580e+00
1.389046742101733400e+01
1.311809895218320321e+01
1.431592434764534971e+01
8.604865778195716075e+00
1.026249157512735621e+01
4.224390430005986730e+01
1.016427533182834964e+01
1.120792894331098921e+01
2.144597072599255227e+01
1.535495212590386416e+01
9.511822600299183250e+00
2.324911092536797241e+01
1.770641311892849501e+01
6.724899782646375002e+00
3.987835468808619765e+01
3.679332548138685155e+01
5.197163375972227328e+01
8.906277160860511799e+00
1.137980748020146393e+01
6.268885608108504925e+00
5.748173808472060387e+00
5.129946432259472999e+00
8.603003694592857187e+00
6.646219740498480633e+00
8.799829580881109337e+00
2.987515088074417235e+01
3.462371595145365433e+01
2.085438251450189284e+01
8.667788116429278489e+00
3.444329350230797360e+01
1.005237023006132802e+01
9.228095620570755386e+00
4.920330377544701150e+00
3.887465582913389284e+01
6.733741735336920442e+00
2.113224686229045801e+01
5.065250499329041389e+01
9.436528943759881827e+00
1.444388528929908944e+01
4.483146666874674224e+00
3.818386393112800192e+01
1.031894240481523184e+01
2.013644047274631532e+01
1.262747474027206351e+01
4.960057020103349146e+00
3.657002583703313547e+01
2.009855942599760681e+01
1.890409209731130602e+01
3.447265708397057438e+01
2.501265988946023811e+01
6.713904347536541195e+00
1.187115193742795327e+01
3.630377056668838520e+01
7.966918126866730177e+00
2.485611847388230444e+01
3.484731538344576052e+00
5.419841157778648721e+00
2.380064043223320880e+01
1.876523244698101678e+01
3.671176696888479540e+01
5.957403417203096296e+00
2.912188797375996074e+01
3.502706367173242796e+01
8.985662405569584621e+00
2.378992037939349302e+01
2.125397789574257956e+01
3.466742310541931715e+01
2.269910805760480343e+01
3.913712799635863604e+01
5.271603380662412519e+00
4.390483788468202420e+00
4.040131898904649432e+01
3.393452871615249222e+01
1.125470381853767776e+01
4.692498219007916305e+00
3.223747112150584826e+01
7.386963498363996905e+00
9.804381113420632232e+00
1.088928423631328712e+01
4.834636513631052424e+01
3.581321856388800029e+01
2.222484167527895238e+01
4.911169732805323207e+01
3.478978498548120513e+01
2.024719885462158686e+01
1.028210113064524478e+01
2.875541510402550216e+01
4.579689650764615294e+01
2.354997458781606667e+01
5.945104640552671071e+00
1.159636112104043093e+01
1.510043804105575305e+01
8.904932180681640830e+00
1.023286485046465089e+01
2.960396850876799846e+01
2.254555004014004282e+01
4.945202760121939178e+01
4.521095881761937108e+00
5.269231406203843449e+00
2.033440763571724119e+01
2.195142827100848137e+01
2.481051167656559642e+01
2.987636709218526931e+01
2.226982022503354131e+01
3.916264521063861537e+01
3.844460662761049718e+01
3.018671099393915114e+01
7.305344664607204663e+00
1.771018631534903420e+01
2.993397492078387501e+01
2.281804899252628616e+01
5.246892727593688477e+01
5.715637927042251931e+00
4.172505195391096322e+01
3.492285469873799286e+01
3.672655088542617818e+01
4.913824656812344926e+01
3.401684936120220470e+01
3.008462037473766060e+01
3.377491231698785157e+01
4.183253643433591407e+01
3.902237364777647599e+00
3.664612473970451845e+01
5.327734016850968146e+00
6.481423244051967458e+00
9.312922742481703153e+00
2.449706787753770243e+01
2.874245480248861639e+01
1.351569272447171954e+01
6.864020083076880496e+00
6.135903175252423125e+00
2.396064845769507201e+01
1.093543483965797236e+01
3.353300803526011009e+00
3.232375151173082628e+01
3.142172902981164384e+01
2.232051254809913132e+01
5.109095091661558286e+00
1.746543036632158419e+01
3.222618939911292557e+01
1.419319467686196390e+01
2.873909887173724798e+01
2.190832228943261839e+01
2.002082848041067109e+01
9.952845063550583404e+00
6.115779616089568549e+00
1.432153344223213765e+01
2.614381575122302337e+01
1.789900747913912937e+01
1.300457897952938424e+01
3.498359595794966026e+01
9.410296228196969537e+00
6.077081926794676292e+00
3.614189713486254618e+00
3.064897381938185106e+01
3.473211597513582660e+00
5.764731889827643840e+00
4.607490484407804843e+00
5.685937807233528929e+00
1.320983796269999289e+01
3.200749378248082877e+01
1.111955523381769240e+01
3.912835895840094480e+01
2.217312340328528819e+01
2.895623288603064793e+01
3.487536326628043781e+01
2.617904678544232411e+01
4.467554085030712940e+00
4.365832180580154898e+01
3.852488045412212614e+01
2.003838203750589742e+01
6.925327637392896918e+00
1.384550695606353088e+01
5.523741590446334726e+00
1.426183904293912974e+01
2.265012453341495302e+01
4.449728462679789942e+01
8.099863753841106018e+00
1.263393616642179040e+01
7.245387300081333137e+00
3.370771580813716639e+01
3.808988586794740172e+00
4.787060426338626939e+00
4.428356280424709013e+01
7.261619345865156561e+00
1.263846627565816050e+01
1.112138872948472113e+01
8.659541906016997359e+00
8.101187916031690861e+00
1.050491697370061672e+01
3.476659446539983378e+01
9.967794096634932544e+00
5.586608545822798533e+00
4.290630970872081917e+01
3.142378923043607131e+01
1.052340271643787162e+01
1.114344998314534507e+01
1.903159415856782744e+01
3.795537381570487412e+01
1.036555782101096668e+01
2.306416586561834947e+01
2.752978160661420048e+01
2.659847696452585808e+01
2.278600282376038422e+01
2.065407616514380607e+01
3.215264820790586953e+01
2.007461007306784495e+01
2.221628708357735604e+01
1.442311203116776142e+01
7.513328171101278485e+00
2.538322218860099611e+01
4.642115500066127964e+01
1.363654796839701078e+01
1.090133254201776936e+01
3.683090753927666583e+01
2.446579226623018144e+01
1.828375897766943581e+01
4.767587630120004860e+00
6.677384537160691025e+00
3.687573914160545741e+01
8.031370479040489840e+00
2.626377091766821081e+01
2.238730504597107540e+01
3.216773645153990202e+01
3.559727946480974481e+01
3.636055218820461477e+01
1.922973468771031946e+01
3.469389433363635789e+01
3.642385861848499218e+01
7.431040288088155421e-01
7.397432446092537361e+00
1.511808024694812502e+01
2.179239749791994996e+01
1.137435986508336327e+01
2.104044738855151309e+01
1.569394513527606705e+01
4.405691067568326957e+00
4.376971832166248788e+01
1.150252512925096937e+01
4.815113955823370162e+01
1.151093508073981297e+01
4.984219835493474449e+01
2.427174724748303447e+01
5.992217296617766920e+00
4.546263464864509274e+00
3.378213633229933066e+00
5.914812355391973142e+00
3.713455010808682033e+01
1.931578387938492369e+01
3.236188897631544137e+01
2.500734940986595234e+01
1.292895939514815495e+01
4.182430956493426777e+01
1.274231584162630782e+01
1.604901213089560486e+01
4.617695028544699198e+01
2.899709828273888945e+01
8.240857384647384265e+00
2.226504476068141969e+01
3.541628530426408616e+01
3.349449525076532552e+01
7.831952210270699766e+00
8.894237436789339313e+00
3.156674181820224590e+01
8.588921742841861828e+00
4.283416806776713770e+00
2.741286746677857877e+00
2.619911985947604194e+01
2.737671796875798691e+01
4.652999170711467514e+00
1.288893848095793260e+01
2.116519553931101427e+01
2.901389171599266348e+01
2.300619275657328444e+01
6.272586369623425639e+00
2.165805393541823776e+01
9.403639511173167875e+00
4.476332169340878409e+00
2.542576092045081282e+01
9.682837204553763399e+00
3.647531071642888634e+01
3.962707775731186643e+01
6.660876318893031112e+00
1.871469013856562924e+01
1.738054787965788250e+01
3.751823866808609864e+01
1.991583274886579602e+01
4.404812892044915884e+01
1.910870748307087297e+01
7.029489789187508109e+00
2.478823444704958945e+01
4.179141060289012444e+00
3.868650248930545388e+01
2.594564826351322040e+01
4.172405743391018973e+01
3.119647694178592445e+01
6.714565290325495539e+00
4.159005612901761850e+01
1.716515225844294434e+01
7.270320759047507408e+00
4.052475356300794829e+01
5.386239381014198813e+01
5.179057556236585924e+00
6.119840702529842247e+00
2.916161390811308962e+01
4.992270168687497289e+00
1.248951498318673714e+01
3.186601281872863467e+01
1.532928720242607312e+01
6.284728943457153605e+00
2.746386411117357795e+01
4.063834501677274602e+01
4.904273383811215581e+01
4.117994446279573140e+01
5.277873534928431809e+00
3.876663361145325126e+01
3.753220086859281679e+01
6.681738322755151671e+00
5.134319720871428672e+01
1.523415626232414866e+01
3.350416291649231937e+01
9.002772363498394270e+00
5.344899153609704001e+01
2.377197841578812643e+01
1.562159164918740828e+01
3.202667185102001213e+01
2.600414291054103444e+01
5.036820772746343522e+01
3.067167827472525232e+01
4.932939100314953862e+00
5.246634687104346995e+00
3.707080521581204380e+01
1.426904179870280132e+01
3.130494560873737697e+01
6.389168717337952330e+00
1.567272700663136220e+01
7.272156304505045910e+00
2.034460348500488180e+01
1.381657690000166383e+01
2.085960050687326373e+01
1.375947718177856416e+01
1.234640687542372461e+01
1.848008132827146710e+01
1.759403170901765634e+01
2.601630019184230491e+01
5.692087653932901503e+00
1.979515106727818363e+01
2.985042288059219118e+00
5.434009074166567643e+00
3.597160645165877924e+01
3.635758765631313594e+01
2.273522490281983721e+01
7.251445717142161129e+00
1.121620945001916425e+01
2.680480563613566147e+01
1.113035097628522863e+01
8.191335255160950624e+00
1.928943312685701983e+01
2.120204241716339766e+01
2.044249843577770775e+01
3.080299466194696123e+01
2.970379761086462622e+00
2.122742824876340251e+01
4.873793555333804761e+00
4.096520187893943898e+01
2.556971075270136851e+01
5.691360544607448446e+00
2.017873394703325118e+01
1.400195532692464440e+01
5.154710175378170334e+00
1.770247778180090847e+01
1.922894591908183770e+01
6.020348212512914188e+00
4.192869728308399146e+01
4.334253647711522461e+01
3.406459220417531242e+01
4.817264344840168633e+00
4.343441311073273425e+01
2.041555617626774222e+01
3.931123566115964962e+01
3.913712367971917416e+01
6.045952679059325874e+00
4.715507344007434654e+00
4.193798312689921204e+00
1.023591230212912251e+01
2.615916100655099541e+01
9.697916725759085921e+00
1.249263161253615806e+01
1.437009312988375598e+01
1.401645219454222513e+01
8.923467176563320891e+00
2.746756012824192794e+01
4.144385109647501508e+00
3.378886624791355331e+01
2.009797522614775289e+01
8.637185714914309642e+00
8.290426410590214346e+00
3.165050152795906513e+01
3.428653280920234181e+01
1.430057802283369028e+01
1.294918968571406026e+01
5.253976397881118032e+00
9.882525025733912116e+00
6.984481025421416689e+00
1.408076952598048592e+01
3.211622289924107321e+01
2.162540988503232597e+01
3.633786407593510859e+01
1.201362585379830250e+01
3.343403196916430176e+01
4.101630372888493525e+00
5.187087745823464502e+01
8.564819968289512531e+00
3.780046602890791974e+00
1.721531157749267038e+01
5.091558584255097486e+01
2.210604628440005115e+01
1.356255396978387751e+01
3.549037880912818110e+01
1.132551546113143104e+01
2.381685224523562283e+01
5.412195413560425550e+00
1.219260004805929043e+01
1.072845599486555557e+01
2.554166633432157596e+01
2.026427789542898950e+01
9.307164859596824158e+00
1.872161048069463618e+01
3.759332069152200972e+01
5.473847378146331266e+00
3.557772013319741689e+01
3.460564571664261280e+01
5.435167795670253099e+00
6.251777763415532263e+00
2.222167418842072095e+01
7.225634141956177814e+00
7.401099408967652948e+00
1.845729253460962127e+01
1.787557750478694629e+01
9.374034402472815941e+00
1.368025326795685714e+01
1.754584104668887790e+01
5.837758911264558037e+00
2.028973159847286922e+01
1.825170897242479384e+01
7.822761717672847226e+00
5.103792123949791915e+01
4.948589753500812805e+01
2.386177343208524348e+01
6.225948713217874797e+00
4.320263533217537599e+01
5.076092595381644657e+01
1.584825920241627273e+01
1.496403639807356001e+01
7.649097072844682543e+00
7.323698059928645421e+00
8.787909083144469946e+00
2.568708253024996679e+01
2.689030680499470094e+01
1.828426880495985074e+01
4.218258234143973340e+01
1.461441297542151574e+01
8.093542764361785657e+00
4.709492139913263742e+01
6.257083739418760615e+00
3.668054611823688305e+01
2.631511010911590631e+01
4.680163673970810834e+01
1.789138259824150623e+01
3.063495822232845001e+01
2.426090068509918751e+01
2.008656633189147556e+01
3.637181798447652170e+01
7.417982465471638420e+00
1.422088372828851277e+01
1.478998748708532673e+01
2.483617525793630421e+01
1.351181481905068438e+01
6.890778346928129849e+00
3.604447759024015596e+01
6.220387018219085462e+00
2.969933889845984254e+01
4.409807638528565121e+01
1.581569725593888620e+01
2.356312871665313935e+01
3.071627082076443571e+01
1.519235162882354473e+01
2.177045439825712947e+01
2.707794964117638159e+01
2.231783011651583593e+01
4.301497997678200846e+01
1.660398587826642824e+01
8.757649113660761486e+00
5.650909632816450312e+00
3.461187592455080875e+01
9.401211148578269672e+00
5.255312917103769621e+01
1.208129444998716906e+01
2.363924148520119672e+01
3.687327179831385138e+01
4.723121918628478966e+00
4.278863128474753807e+00
2.431221365351289876e+01
3.046625910261435877e+01
2.187711292159622190e+01
4.092040377650474881e+01
2.590965077669832795e+01
4.521041917800636156e+01
7.283698281967005528e+00
4.340900684960441680e+01
2.199100242955728390e+01
7.212284185708853101e+00
1.559294286761851822e+01
3.440384524236895913e+01
2.145940399100358320e+01
1.214683846893271379e+01
5.659750337026707712e+00
2.255994868088029648e+01
3.230754119696332793e+01
4.342017490595915064e+01
1.953507275917139907e+01
2.177571001918987292e+01
1.967278786016227343e+01
1.939755434499811315e+01
2.028266719896306824e+01
4.345365619712097782e+00
1.203490509085824556e+01
2.136917828156539656e+01
3.289310570490494712e+01
3.250928311946514526e+01
1.910781554460841392e+01
2.321200936245979562e+01
3.891070856628147112e+00
5.174395588382395772e+00
4.251386017006336004e+01
1.498046209763903391e+01
4.222518005409307307e+01
3.570367140055642352e+01
4.194427086745749733e+01
1.335488590435582523e+01
3.358175873045674820e+01
2.919478815923407922e+01
2.768617358635329850e+01
2.714811916333803055e+01
6.219734620988120355e+00
9.281361822857874699e+00
2.619695144399287301e+01
4.043786828724435622e+00
8.743900174139952242e+00
3.045305380036081289e+01
2.029823695108406412e+01
9.343163572588863985e+00
1.765343209211216902e+01
4.870844223671137740e+01
1.431200768748929875e+01
2.057087828466713120e+01
1.264595531901804293e+01
1.333564747709894505e+01
3.009887860190842446e+01
5.766981738181200967e+00
1.974168287753293782e+01
1.252149926155665582e+01
1.105153299715931325e+01
2.696608208652934024e+01
5.220514812132989846e+00
1.070427371171116704e+01
1.395118295659102614e+01
4.204905614367880418e+01
1.569937795218385190e+01
8.622397081542672481e+00
1.415473863592823989e+01
5.215720768805963559e+01
1.895650284059665580e+01
2.368642344393698806e+01
1.940392918933750366e+01
1.296484438234033121e+01
8.475928453657047612e+00
2.025024617057233911e+01
9.235826995224542202e+00
3.800218767148093235e+01
7.951472192424006380e+00
2.490875383246596186e+01
3.847943869137878181e+01
3.697241737752250401e+00
2.449986693991380093e+01
2.683930045112489182e+01
6.409748457773432051e+00
1.731312376179742785e+01
2.153638421696052774e+01
5.787057568611615466e+00
4.284054145708452666e+00
1.132652139863772334e+01
2.402979810492071522e+01
2.660007366559483444e+00
2.160503297924228150e+01
4.489718218886054046e+00
4.047841572056051263e+01
2.406165430340148248e+01
9.288633264164346315e+00
1.738204159955463979e+01
5.028119668203042636e+01
7.976900428651688912e+00
2.558986401963494473e+00
9.130609278364374859e+00
4.298723134407410384e+00
1.257978947027935135e+01
3.401199766357698451e+01
5.650529451595573960e+00
1.830826082373029351e+01
1.385871175501834784e+01
3.733130234492922028e+01
3.093782270540529566e+00
4.236248286236224203e+01
2.544259310107872807e+01
1.082047941432146843e+01
2.694748359415196859e+01
1.112768478881409351e+01
4.190761774581756782e+01
5.543558682842032681e+00
1.568316623303206825e+01
1.099978397488766291e+01
7.815448611971945070e+00
1.284719210460502836e+01
1.947463027430573845e+01
2.295051451055221037e+01
3.694911816062597154e+01
3.424760042807872651e+01
3.042646774666546605e+01
8.680407904967239574e+00
4.306672069176300255e+01
1.832350235142257588e+01
1.894732927132577061e+01
3.346868831793342025e+01
5.180119498775709985e+00
2.413870435019430261e+01
1.712833635873116123e+01
3.464009295582444992e+01
1.792201860158907323e+01
6.449558515071942111e+00
4.947868912692873522e+01
2.427071579702760573e+01
2.979137033906263810e+01
2.636294696351825451e+01
3.523906715346242891e+00
1.638864503013763851e+01
1.433981174371407974e+01
3.006562290471238441e+01
8.913003246322716677e+00
3.547340840005659857e+01
1.810956425150351379e+01
2.534287887888957869e+01
2.496895490143640473e+01
2.447185352094408017e+00
4.726929602273131081e+00
1.342667861939278851e+01
2.728413763434704720e+01
1.799145502901339455e+01
1.672237514442331019e+01
1.835816393870052821e+01
4.479522869427941600e+01
1.720946141505208971e+01
1.720212716081570647e+01
1.540692192722704590e+01
2.033945917162874650e+01
1.371454204816181743e+01
3.366506452802763505e+01
2.015601283212333783e+01
1.122281984185957526e+01
5.279740019078886348e+00
1.881490952122146609e+01
1.457192699022235161e+01
3.659988316940696507e+01
3.162020387514147046e+00
1.270248625530126674e+01
1.057326523415936492e+01
6.873487323670246951e+00
4.487682385529112139e+00
4.533706222805090391e+01
1.379194960510017154e+01
2.224604339130745245e+01
2.451844946607072018e+01
1.574094863214642714e+01
8.908233358992006856e+00
5.973261273857900733e+00
1.398078631314405129e+01
8.089535624182801143e+00
1.348057326600515182e+01
3.829253396572914170e+01
3.857831016980917838e+01
3.843118168088544451e+01
3.070407742952676244e+01
3.229909604022004999e+01
3.061007807510524259e+01
3.352020889143079074e+01
