2.110182976734634792e+02
2.228177619538479917e+02
2.111681406375471965e+02
2.699561778848508311e+02
2.477911659667778679e+02
2.471353838413448329e+02
2.249494684624037575e+02
2.409387486277241806e+02
2.458995999176206624e+02
2.075698304403920531e+02
2.480862176932833734e+02
2.457567247981592686e+02
2.561242277821789912e+02
2.291375553350986820e+02
2.499666723208339931e+02
2.281362668068659332e+02
2.475733038081678501e+02
2.198397361205947504e+02
2.196930230687176220e+02
2.431969269398858557e+02
2.325455415140022239e+02
2.078160838685355429e+02
1.876587524828845517e+02
2.175948942439349025e+02
2.703598998884428966e+02
2.161419975933201272e+02
2.535590892337806963e+02
2.489355545881052194e+02
2.436091642648194693e+02
2.158649147816711036e+02
2.152252273772299702e+02
2.274877681178012381e+02
2.356000456859321162e+02
2.480502534943710486e+02
2.561541361824052956e+02
2.473653138428114175e+02
2.181078300695198209e+02
2.129174117487840761e+02
2.497772181488024898e+02
2.474317051380653538e+02
2.035008751140099434e+02
2.705495586859564128e+02
2.077000748020118124e+02
2.489340262979047225e+02
2.078778639879537309e+02
2.023948789088505293e+02
2.786972257252448912e+02
2.152746458041504525e+02
2.221637609412140932e+02
2.122093010248694895e+02
2.401668871773243268e+02
2.651130692035801530e+02
2.669270650004935987e+02
2.081111719846463757e+02
2.262498620750736507e+02
2.054882086113040600e+02
2.253508855931355015e+02
2.383944196823269976e+02
2.300074031150842870e+02
2.290602964684437381e+02
2.512247423632510674e+02
2.088571941144638231e+02
2.063280860342724452e+02
2.474193073053425564e+02
2.428186240788057830e+02
2.035228348275677774e+02
2.361806202103272199e+02
2.094506464422562431e+02
2.041094905931571191e+02
2.385324101402142674e+02
2.120151056694418799e+02
2.267927453604670802e+02
2.267620078878842378e+02
2.058227999745598140e+02
2.623269751028965970e+02
2.301600288999135273e+02
2.437960174838088960e+02
2.465476051017873829e+02
2.565591688919488433e+02
2.231805243083115045e+02
2.402089607946212197e+02
2.526126385279914643e+02
2.340330384295661474e+02
2.292642269646149771e+02
2.296390055761727922e+02
2.739693749824733686e+02
2.077967299699229784e+02
2.087770538545978241e+02
2.482351032307910259e+02
2.427679855982867707e+02
2.397010466649445561e+02
2.427714991890777583e+02
2.621193771655632077e+02
2.093844796665543413e+02
2.026868811182898185e+02
2.382297708029283569e+02
2.621788845710202622e+02
2.392514817466442594e+02
2.268215529263275414e+02
2.374737289763241677e+02
2.461314043284213824e+02
2.123417831129058868e+02
2.139421180203587767e+02
2.506181031625816331e+02
2.073867312617609855e+02
2.424907809715943756e+02
2.109372744531280546e+02
2.036630379427265325e+02
2.161775319816287606e+02
2.592878460740413971e+02
2.087734616638551302e+02
2.602262137750150259e+02
2.079295884355859414e+02
2.471812539956532078e+02
2.561271696064168282e+02
2.120582665868726622e+02
2.081976463003036315e+02
2.235670143155361984e+02
2.288850806765335619e+02
2.506361090880288316e+02
2.606657586873208174e+02
2.562201629709718418e+02
2.192636775294207894e+02
2.534409308335324909e+02
2.508328854171234354e+02
2.538014665336419853e+02
2.206049316901081454e+02
2.102343397222836074e+02
2.098047238367100817e+02
2.433703179445153353e+02
2.310481450274377835e+02
2.280368865565810665e+02
2.069565350588625279e+02
2.552681243995318141e+02
2.436002161684930343e+02
2.254110973542195211e+02
2.622402562483846964e+02
2.381052141945038727e+02
2.429816544250567176e+02
2.358411448580873184e+02
2.430139043972045556e+02
2.571429007520503092e+02
2.319891257697026958e+02
2.222293563713755589e+02
2.107002350249599942e+02
2.272048503600720153e+02
2.218198460991531817e+02
2.133840007508831604e+02
2.527546047104396507e+02
2.026281669889425530e+02
2.115059945290090866e+02
2.121510645208330175e+02
2.582169561396768813e+02
2.258837251563812174e+02
2.031070402711743839e+02
2.080048407037774041e+02
2.113505696109168639e+02
2.264873195117511102e+02
2.428842035926707865e+02
2.502394260437857838e+02
2.425140239734332681e+02
2.126595249881009977e+02
2.267435559531731997e+02
2.246752845748988534e+02
1.959710186787697523e+02
2.624376545412172277e+02
2.502768518891902545e+02
2.090741836732546801e+02
2.525692917667545032e+02
2.374854237340585996e+02
2.065918838730291327e+02
2.533294312045666743e+02
2.602715530543429736e+02
2.358082688844522181e+02
2.276649409401899504e+02
2.532439462529011394e+02
2.168332976029871304e+02
2.068868431633188720e+02
2.305347113640652310e+02
2.170910425174325553e+02
2.450942124130645254e+02
2.095910574681182084e+02
2.484141599574084012e+02
2.084520456528728403e+02
2.165132680283042248e+02
2.712305848309105158e+02
2.121291305086926116e+02
2.548806950115167922e+02
2.300330913984345784e+02
2.077940979990508481e+02
2.483617331805055244e+02
2.144059136083098167e+02
2.180259405905068206e+02
2.535101819839308632e+02
2.457471541879651795e+02
2.121296051158540763e+02
2.070568550851278360e+02
2.288110710649754935e+02
2.494672396183384535e+02
2.113755022828753170e+02
2.085627427770010058e+02
2.036027230284045118e+02
2.561721644301674701e+02
2.081002819192913762e+02
2.205998676452901179e+02
2.297155866380945213e+02
2.755705008648151306e+02
2.295005580895511912e+02
2.548491175823543529e+02
2.279561108837867778e+02
2.279360035105269731e+02
2.364354474666834562e+02
2.038989839767899639e+02
2.364688081913797646e+02
2.354182522519519694e+02
2.062430331040364990e+02
2.301887904516389654e+02
2.587969955199980632e+02
2.421316660626020223e+02
2.123784744360081618e+02
2.251207478257662444e+02
2.268683480474988983e+02
2.008629551522224972e+02
2.383717338686078335e+02
2.268357066694692890e+02
2.466562929035048342e+02
2.584041577138021353e+02
2.254088023482040342e+02
2.089267950658156678e+02
2.332085269158067149e+02
2.099117281962087134e+02
1.945061258133481488e+02
2.184316067139007771e+02
2.210414873621948004e+02
2.014083517803861696e+02
2.128337041615847625e+02
2.270048295868105583e+02
2.092774087264311333e+02
2.638434528826307428e+02
2.627192763024808073e+02
2.102249083971090613e+02
1.977854057822794402e+02
2.531473300659281449e+02
2.279292175123238735e+02
2.545928108038096411e+02
2.206860362236932076e+02
2.438488104784985353e+02
2.089706089485795815e+02
2.710656303089689914e+02
2.186669375174749348e+02
2.145740926224364955e+02
2.107169502498531131e+02
2.485138459820811931e+02
2.397265476894312428e+02
2.467752936811343147e+02
2.165044882310554044e+02
2.119244751608138131e+02
2.399213340030433699e+02
2.358249344599839503e+02
2.045958655850045034e+02
2.335971375439713995e+02
2.168465474784982803e+02
2.261626582633489306e+02
2.291599756140747388e+02
2.055432568016727828e+02
2.278533403212074404e+02
2.497819575287575731e+02
2.676320102740903053e+02
2.060730710299381769e+02
2.134578409960103329e+02
2.257327992078460284e+02
2.389370318219130525e+02
2.479529850732429850e+02
2.588924281541615073e+02
2.454440165582835220e+02
2.159704908146628668e+02
2.125790352440439221e+02
2.615949825065238201e+02
2.092015215425679173e+02
2.614765505178868352e+02
2.107129277857277998e+02
2.058876861414093469e+02
2.191244982436737700e+02
2.272385457964751652e+02
2.272916580469551491e+02
2.452829939594383859e+02
2.491165346557930604e+02
2.476772613408587347e+02
2.745921813721180911e+02
2.604643302195291312e+02
2.427326544512239082e+02
2.108433247321364661e+02
2.643183800869502420e+02
2.692103607086224315e+02
2.406721930837129264e+02
2.689039921998263480e+02
2.289520072791088410e+02
2.598095560463238485e+02
2.470502316802695191e+02
2.716279796432698390e+02
2.096902156086345315e+02
2.318221938002317302e+02
2.096214191704225414e+02
2.569393567541642369e+02
2.316034303026123666e+02
2.543701288289721845e+02
2.078719292819814655e+02
2.406934196713806102e+02
2.091680390645972523e+02
2.170453473347217823e+02
2.143033950456101877e+02
2.210958319564925887e+02
2.379712779514998715e+02
2.116572381345947349e+02
2.615549014730011663e+02
2.636533802276961751e+02
2.403370480721608260e+02
2.403339141586545225e+02
2.311810765671494892e+02
2.616616134121254049e+02
2.533497313287849124e+02
2.729207606185912596e+02
2.541196809826200820e+02
2.687005508045255056e+02
2.118948821396975006e+02
2.612032794626276200e+02
2.491479876364766710e+02
2.621356510187163735e+02
2.222373921208814807e+02
2.525721194909171743e+02
2.412260330859808164e+02
2.536976259471050525e+02
2.396569188560553698e+02
2.257526921126386412e+02
2.400339779653602648e+02
2.381933760345921200e+02
2.084034792741946944e+02
2.427317448089892196e+02
2.290724135861817672e+02
2.248270085979782209e+02
2.639922602204422333e+02
2.036447059510054203e+02
2.335814639270520274e+02
2.305517789162421423e+02
2.683789742926688859e+02
2.273948544080016916e+02
2.191632327594734875e+02
2.569545473123034753e+02
2.087554448366638269e+02
2.274369430943983446e+02
2.111191749726255296e+02
2.056200036433348828e+02
2.493641921972769069e+02
2.457749805593290375e+02
2.303830161478618663e+02
2.575143434741754618e+02
2.492689579433098288e+02
2.707728328806551872e+02
2.473440646421352085e+02
2.546560591677338721e+02
2.530676852258404494e+02
2.539515842596730408e+02
2.299152935400098841e+02
2.601048563108278699e+02
2.409806083308817506e+02
2.262205533521450320e+02
2.060084420853827964e+02
2.536781099742297556e+02
2.109654565028616560e+02
2.578757018986406138e+02
2.070837829558765293e+02
2.143610933171300701e+02
2.665731510953012275e+02
2.389225049674338948e+02
2.760478727830336538e+02
2.627852657385182056e+02
2.368712103009350756e+02
1.872522380208828565e+02
2.057897816206585730e+02
2.026986605592878163e+02
2.603262458237494457e+02
2.225200636845054589e+02
2.146629614408205668e+02
2.247750669702088828e+02
2.419370500371826438e+02
2.579810896688750290e+02
1.899820281876034755e+02
2.614691779265108380e+02
2.570295038678885930e+02
2.741589667282777327e+02
2.214923692995569411e+02
2.396376675654688597e+02
2.309298026091902898e+02
2.461578627160168082e+02
2.230723954126093815e+02
2.577096805913304252e+02
2.077916475970085344e+02
2.538925989155378602e+02
2.287653387919949068e+02
2.062568693287373378e+02
2.135888423102689444e+02
2.108020591848084564e+02
2.458469230822778115e+02
2.384308934936572939e+02
2.096610226782530049e+02
2.641136545623154461e+02
2.426984970981394838e+02
2.421697694258466527e+02
2.083632492635229596e+02
2.173850826687295239e+02
2.386830307221168823e+02
2.656915447675554560e+02
2.320051553681152257e+02
2.185569787377862099e+02
2.257916871592107668e+02
2.284286573067939798e+02
2.033852716308001902e+02
2.301526364370683382e+02
2.060344802088920346e+02
2.077205009630926895e+02
2.321791943342157651e+02
2.233768127180746887e+02
2.114585946901881925e+02
2.612056698548395843e+02
2.598263823143365130e+02
2.557042392671904167e+02
2.093589919072288978e+02
2.238039245855426032e+02
2.493660223989022029e+02
2.278835035174237191e+02
2.577680174449294555e+02
2.197589648825022834e+02
2.003224342889527918e+02
2.674452680067017809e+02
2.579976341469048862e+02
2.049799032929666396e+02
2.418698569189964473e+02
2.387552720272101965e+02
2.520504931530082047e+02
2.198211286651199146e+02
2.287100257009162760e+02
2.145497065053178858e+02
2.243981099640231491e+02
2.480899955622005848e+02
2.527411890364232363e+02
2.268940638836776884e+02
2.531904026343149781e+02
2.308909488612524115e+02
1.937533473508083262e+02
2.273159484539938830e+02
2.034693153396404455e+02
2.253782807640644990e+02
2.597019734731865128e+02
1.931739039874433388e+02
2.497094867611837685e+02
2.537107221842518641e+02
2.515158802772196793e+02
2.510006269137782908e+02
2.177367163469297680e+02
2.459252484658065896e+02
2.471419082248978896e+02
2.402448516823743319e+02
2.124895561969808568e+02
2.093630267957138358e+02
2.325843429113000127e+02
2.160019643717287465e+02
2.238280892556201138e+02
2.288471421468539972e+02
2.157470619335864228e+02
2.770824926530971197e+02
2.423406397132155803e+02
2.451678913285034582e+02
2.575764756985802819e+02
2.081363430424664784e+02
2.360952446780528362e+02
2.062464702375071681e+02
2.561594899532809109e+02
2.540689097436664383e+02
2.034833321159897537e+02
2.103949544886571346e+02
2.364867594320914179e+02
2.090938119820479812e+02
2.104848385104991451e+02
2.538829892318936174e+02
2.598898737164824979e+02
2.490588784548377248e+02
2.538046641690596061e+02
2.259068243773509721e+02
2.268100352470561916e+02
2.196216457062633367e+02
2.397068541584686727e+02
2.051232201539607729e+02
2.139473971498729838e+02
2.030861605453780783e+02
2.051582749657616773e+02
2.102225682559717939e+02
2.106459233981435943e+02
2.054716951487206131e+02
2.231656332590207512e+02
2.171137074993198439e+02
2.683672108604426967e+02
2.456414365425107178e+02
2.147418255130122589e+02
2.147857656523414107e+02
2.596497343203243418e+02
2.149356033157425259e+02
2.115662118217018133e+02
2.465072933705537821e+02
2.628120325251494478e+02
2.099328193946706449e+02
2.471849913893084363e+02
2.096496179290224973e+02
2.060691269908509469e+02
2.032277522288466685e+02
2.647574412177100953e+02
2.243283556067300140e+02
2.413359459121023747e+02
2.354860833025510658e+02
2.064142739481714557e+02
1.601885169052168010e+02
2.285695561885049187e+02
2.275412711985374870e+02
2.178949052936987130e+02
2.669239511457773233e+02
2.281995626030957283e+02
2.024537810914941360e+02
2.293299781421119405e+02
2.101149115718610574e+02
2.068646606407324384e+02
2.076162900982939732e+02
2.629748337652847567e+02
2.361440261997644825e+02
2.288019572750894497e+02
2.017966463067754432e+02
2.166138664947449968e+02
2.434054024484237573e+02
2.578792535419510159e+02
2.384035356704295339e+02
2.673414119516151004e+02
2.725814169747197298e+02
2.209477544396571602e+02
2.102126583832620668e+02
2.508427935646919025e+02
2.043422860102284631e+02
2.485162248787521264e+02
2.041386183463541215e+02
2.125650064846181806e+02
2.077107923941200056e+02
2.099515848323904947e+02
2.354137995406031223e+02
2.284420689658703338e+02
2.062973996095995233e+02
2.384842275630134054e+02
2.367437679970442730e+02
2.181011240640799258e+02
2.670493009742172603e+02
2.356360450932566550e+02
2.623210275028291107e+02
2.317548356561632943e+02
2.194584023105907136e+02
2.537116254998221052e+02
2.481490591762367899e+02
2.703807830763727225e+02
2.042313432602270495e+02
2.227881429369187174e+02
2.760593895179204651e+02
2.130690184013511725e+02
2.302889201169205080e+02
2.320288841645357536e+02
1.818435921661277916e+02
2.062300999595232156e+02
2.147116682162669292e+02
2.416536326812243374e+02
2.076946875209443988e+02
2.443237364598357146e+02
2.299014591909545970e+02
2.446759744898344024e+02
2.439592934761169545e+02
2.091247631095971826e+02
2.499402378427470808e+02
2.656767851692030717e+02
2.293419262976061077e+02
2.094360932493949008e+02
2.169236113508746087e+02
2.214532862325664837e+02
2.479820302975629431e+02
2.123414126223615881e+02
1.855043175065118248e+02
2.532562049554917394e+02
2.513603222577558540e+02
2.584837441077806943e+02
2.112585595337380937e+02
2.320615907210035971e+02
2.298111037306636604e+02
2.447092280334361192e+02
2.370592528871057993e+02
2.205008290925082690e+02
2.483198873677122265e+02
2.349417915105076986e+02
2.287770293133479527e+02
2.099982102751503703e+02
2.544416764928250529e+02
2.396292900677274247e+02
2.485019752095462877e+02
2.173465566547104402e+02
2.454931050091674933e+02
2.531424683080563511e+02
2.204831979985875421e+02
2.125529419945316647e+02
2.103737560998479807e+02
2.483797959181658825e+02
2.224347399870304400e+02
2.128398004206124199e+02
2.592250180570183034e+02
2.102094105661242054e+02
2.094467873186670488e+02
2.370399323356225523e+02
2.545553093594962775e+02
2.437605312610217823e+02
2.155542542453910073e+02
2.138301246463481107e+02
2.048482792924883711e+02
2.283775067823149811e+02
2.479876351579297022e+02
2.079319935367395260e+02
2.347165503354863176e+02
2.092739924753121272e+02
2.058913689615337717e+02
2.681438141023261323e+02
2.072544773787497547e+02
2.244652874603659996e+02
2.588135826984943151e+02
2.018456474273421009e+02
2.476702737236527696e+02
2.476543336669062683e+02
2.267761838348176582e+02
2.148319562891005319e+02
2.508742451286316850e+02
2.286257170106459853e+02
2.125288760327876503e+02
2.409896698105052337e+02
2.415606012938624474e+02
2.298432586075319364e+02
2.557446021014270059e+02
2.671166215185392048e+02
2.415179321894058830e+02
2.224606382570781875e+02
2.497015584789793365e+02
2.392859498593410876e+02
2.146819264158279452e+02
2.502877735225958986e+02
2.254550016876034135e+02
2.739197985606728025e+02
2.620474475389595455e+02
2.531334241492809554e+02
2.151798537923982053e+02
2.028311326533231806e+02
2.173623115378743762e+02
2.350695302147876191e+02
2.139605353409542090e+02
2.293412621442832346e+02
2.089547432583599686e+02
2.038282956354463522e+02
2.466077055583742492e+02
2.245142433670450544e+02
2.286352559659001713e+02
2.557645809328606390e+02
2.471015733019888785e+02
2.624482206776274325e+02
2.375511966658977769e+02
2.334751180037123106e+02
1.960946217133297864e+02
2.416228060559164135e+02
2.098191229646783995e+02
2.219444927410970934e+02
2.639886078031448733e+02
2.579664269969984502e+02
2.446610615239209778e+02
2.529636319047190796e+02
2.342146736849078650e+02
2.566976220567908058e+02
2.115335866389656303e+02
2.111287995970395741e+02
2.560943900591302054e+02
2.595540453802865386e+02
2.342623612852901829e+02
2.170735496333970502e+02
2.092061074128696418e+02
2.045004047194033774e+02
2.625227151948879509e+02
2.383013457569051639e+02
2.608771035655876744e+02
2.090196188249966553e+02
2.520596723459479733e+02
1.908788099267099767e+02
2.111561303342963640e+02
2.446591535557850250e+02
2.034028870631051973e+02
2.666381383904724771e+02
2.050653755177395965e+02
2.248365016182046077e+02
2.116340694532700866e+02
2.049173640045389675e+02
2.282645888139458634e+02
2.450950673919111296e+02
2.340976574641986190e+02
2.268356035430856252e+02
2.576092671089671171e+02
2.054198130021415807e+02
2.421415465907060423e+02
2.607353716509967398e+02
2.469958205094943366e+02
2.160203162494018443e+02
2.008452820021065577e+02
2.301277070600002617e+02
2.274176673490711664e+02
2.623266005670840855e+02
2.121844640370746617e+02
2.074656358903488638e+02
2.375649970908887667e+02
2.578218405161747455e+02
2.127106420796910413e+02
2.103976993433863925e+02
2.091498844356349878e+02
2.148253512787857176e+02
2.516470837482850698e+02
2.168569379172142817e+02
2.279158188142659469e+02
2.344294038088986554e+02
2.529449472429456875e+02
2.266426165772148522e+02
1.939505487079592854e+02
2.522229730084430912e+02
2.510011106013192830e+02
2.548959039161607620e+02
2.090380367438084761e+02
2.454346802147782114e+02
2.446216890352937412e+02
2.518958683456675089e+02
2.283446606744278711e+02
2.045071278063184650e+02
2.641745026747719294e+02
2.662842382810496247e+02
2.407030424002702205e+02
2.571230407181245710e+02
2.356243221013751281e+02
2.086126256380896393e+02
2.546346853352802384e+02
2.074939029526034915e+02
2.380957024476566062e+02
2.027785439140636186e+02
2.269259309820224644e+02
2.018328363811405382e+02
2.627659752790532934e+02
2.285516747976145382e+02
2.492841115329281934e+02
2.549195202614886853e+02
2.557948895675819756e+02
2.677434848049066431e+02
2.011681226088226708e+02
2.369236245298999677e+02
2.076908475297721566e+02
2.028215425207586122e+02
2.523750475354185880e+02
2.228019301982213278e+02
2.648206467988457575e+02
2.275251702402374008e+02
2.077622661641494233e+02
2.298266253912034642e+02
2.087486096948017007e+02
2.297845070259098179e+02
2.127282552578506056e+02
2.605743134362426190e+02
2.598651478109416075e+02
2.562820819972255322e+02
2.624818944507073297e+02
2.502281983022888028e+02
2.137412580534012250e+02
2.170051814313143836e+02
2.516218267431104891e+02
2.461971235782565941e+02
2.290896899944600591e+02
2.075006270681847127e+02
2.101701815634706918e+02
2.462506192716136866e+02
2.593255807982772012e+02
2.307135635183074669e+02
2.441817987869162323e+02
1.968422639478861811e+02
2.040254456980856048e+02
2.148601968767533776e+02
2.349949798822832463e+02
2.423844883527132197e+02
2.205061231449758452e+02
2.481417756744986605e+02
2.174318309735049297e+02
2.332325507041949209e+02
2.486758569353542612e+02
2.116301182806872134e+02
2.235396440183012601e+02
2.243881320944542495e+02
2.530300010209782045e+02
2.390067204279415591e+02
2.563944915190144229e+02
2.303822981046787106e+02
2.092204180808151079e+02
2.420889011236448312e+02
2.072218356265808268e+02
2.201384615703395582e+02
2.105909247323502029e+02
2.084843345194287281e+02
2.428117456062277313e+02
2.570334084874031646e+02
2.003104682905338905e+02
2.409971909146702558e+02
2.127409314287142195e+02
2.285253278463829361e+02
2.488189012907129154e+02
2.069384319346353323e+02
2.101866595549822989e+02
2.162251258093108675e+02
2.347119646629647036e+02
2.529306192414078680e+02
2.064679210576281321e+02
2.308508236369385713e+01
2.182982059022761518e+02
2.117128056622948691e+02
2.307778404923222411e+02
2.077815218403906385e+02
2.523216290710434464e+02
2.276373486039115619e+02
2.110560656204368684e+02
2.500733852907499681e+02
2.117455915915435298e+02
2.445561698975018601e+02
2.457071957578919239e+02
2.189888187934076882e+02
2.281628386239675876e+02
2.039233725667669432e+02
2.118369439419827245e+02
2.270539020995028068e+02
2.150195118714838429e+02
2.089004837571499138e+02
2.761813589256667001e+02
2.245022625021574072e+02
2.740771698198862509e+02
2.116239563831636303e+02
2.065719561192354945e+02
2.267374799826098410e+02
2.655315056178291115e+02
2.649652176903206851e+02
2.511865895396649080e+02
2.289188180980702043e+02
2.197715464604141289e+02
2.565950573146383249e+02
2.275907983202919525e+02
2.323553413832661079e+02
2.106365325383494280e+02
2.169121900657117408e+02
2.496467990378626780e+02
2.063898815604064225e+02
2.719587662290781509e+02
2.538925214696113244e+02
2.520862617088156981e+02
2.284681645424447822e+02
2.577165524105159307e+02
2.493077977209945288e+02
2.425878848153449496e+02
2.274537469156446150e+02
2.201330194712009529e+02
2.154944203823382054e+02
2.580285855457470916e+02
2.310994479545081219e+02
2.759131029206436665e+02
2.530912375160280590e+02
2.505417250917058141e+02
2.216097062140962635e+02
2.344192825603521726e+02
2.233531018282182572e+02
2.147539362453823344e+02
2.606400341429116452e+02
2.485232224291038108e+02
2.259342574705247273e+02
2.091018407449456618e+02
2.430445799885699500e+02
2.248675070716823825e+02
2.562428269286564273e+02
2.407158117090722271e+02
2.710451236935322186e+02
2.194173121855131114e+02
2.506343414859746019e+02
2.544762108016736306e+02
1.791671357468923418e+02
2.538388525684412400e+02
2.265986951967002199e+02
2.322008218862189324e+02
2.098813148402693400e+02
2.624655239538888623e+02
2.091259263810498794e+02
2.084313667168646873e+02
2.199378788984165851e+02
2.301842514795964689e+02
2.313581056117450316e+02
2.039464086057628549e+02
2.110992497312829812e+02
2.460726541837659340e+02
2.105684298822256721e+02
2.549353451469661422e+02
2.098321379510484235e+02
2.144007226858553565e+02
2.541594654856360194e+02
2.401408278393874980e+02
2.461650300380741783e+02
2.102673422519388566e+02
1.969302395784814053e+02
2.511308201564091860e+02
2.733084938673067654e+02
2.265225536801856947e+02
1.893403775145038139e+02
2.328971075236358388e+02
2.131969117021423585e+02
2.670297311999384533e+02
2.119543072558670644e+02
2.290164677681276544e+02
2.203059734473257834e+02
2.173652328666241829e+02
2.121711186581399033e+02
2.584853726005489420e+02
2.486120558047991835e+02
2.652401129108245641e+02
1.980646865052877956e+02
2.156442639328461723e+02
2.016464995251561447e+02
2.485610240415835790e+02
2.459224110020497562e+02
2.468131751978939405e+02
2.233788320826567428e+02
2.296318363811265044e+02
2.198837791240349020e+02
2.103459681409552218e+02
2.094675244061895683e+02
2.421215669576993150e+02
2.591176166582303040e+02
2.364712224228915431e+02
2.203589504353591053e+02
2.141070859537223043e+02
2.296139390080074349e+02
2.438130928207020816e+02
2.079147722020388187e+02
2.562511372003388601e+02
2.084278655324929446e+02
2.252480641255058629e+02
2.077153531726566484e+02
2.739752989346323488e+02
2.761157849140670919e+02
2.214723076012581657e+02
2.582527287505525919e+02
2.240238635026981058e+02
2.238295448649631396e+02
2.597311922498699914e+02
2.526371645618236528e+02
2.447072106652433945e+02
2.077967702090355715e+02
2.568330531525263041e+02
2.067541093295484984e+02
2.129781649223427564e+02
2.280923608048110509e+02
2.515974405478040126e+02
2.554112561428814274e+02
2.349576638115601952e+02
2.321772818555019740e+02
2.089828672921387920e+02
2.303463276731628753e+02
2.097155895397612539e+02
2.182443671986014522e+02
2.058484584787038614e+02
2.531062196103905535e+02
2.690554040418209638e+02
2.297013619703015479e+02
2.069315341004381423e+02
2.141565473241037125e+02
2.365171487398313275e+02
2.570139525287778497e+02
2.594676562860089462e+02
2.136280506277230984e+02
2.645728776976777112e+02
2.164665379672667882e+02
2.308841543704374715e+02
2.107622260117379369e+02
2.486083206820372880e+02
2.618445536407031682e+02
2.060664447812896185e+02
2.405536314392756481e+02
2.475882982000664185e+02
1.023241129537656207e+02
2.683894425465389304e+02
2.669366641095020327e+02
2.400353017842803354e+02
2.105526333764947822e+02
2.268145771195800648e+02
2.032575811757360498e+02
2.589989380724962871e+02
2.670611814125609271e+02
2.449497720459031598e+02
2.575650881327114234e+02
2.058691444823079735e+02
2.119003760613097143e+02
2.195659471371214124e+02
2.110584445334133648e+02
2.300247893428607995e+02
2.460227584127648583e+02
2.372343931682856351e+02
2.294807410816689242e+02
2.477210587967360311e+02
2.136388600665063962e+02
2.067095418275034149e+02
2.261151854498777993e+02
2.527242558302691293e+02
2.599600078761809527e+02
2.259844423654596710e+02
2.599846915357650801e+02
2.154404204697423211e+02
2.244934032539784425e+02
2.161613571096763451e+02
2.540366563415688574e+02
2.282615401243120630e+02
2.148404354653665962e+02
2.090558882171684445e+02
2.155901782633001176e+02
2.510930912429707291e+02
2.443602915999739480e+02
2.321012739107091249e+02
2.334208479268147585e+02
2.380394020217207185e+02
2.198273744470227768e+02
2.305818730056021479e+02
2.551305494263494325e+02
2.091809810001207381e+02
2.657310733348629697e+02
2.522749544215549520e+02
2.487045587244509761e+02
2.056695561393727303e+02
2.583352559512388780e+02
2.250562450340491125e+02
2.630895378291942279e+02
2.151674637790413840e+02
2.255357561137273024e+02
2.506585125494723343e+02
2.422868422824728327e+02
2.598386796804351206e+02
2.108428849849526614e+02
2.102082311504996142e+02
2.624804080795843220e+02
2.506554878726629454e+02
2.310319737269913105e+02
2.675287953006289854e+02
2.482634473155409296e+02
2.669762401534488276e+02
2.690540022695067250e+02
2.297179418402297983e+02
2.064798893708425567e+02
2.535374229484970385e+02
2.332779381642000658e+02
2.285529993388199159e+02
2.439494442924589634e+02
2.421447382087862934e+02
2.056338296937506129e+02
2.721491600645093740e+02
2.529427789216782969e+02
2.228887359880179702e+02
2.413038365768304061e+02
2.034647482938441385e+02
2.537044931378514150e+02
2.293692687373232957e+02
2.538683564015775573e+02
2.414085649108596385e+02
2.078541199827658374e+02
2.312613549686658132e+02
2.311641195971830598e+02
2.290402327380104737e+02
2.072218252308952628e+02
2.196190207040704081e+02
2.205895125376401609e+02
2.563468758896456734e+02
2.149394887899494790e+02
2.097631311959149798e+02
2.102388918311442012e+02
2.193709650753080211e+02
2.304468917074098044e+02
2.297239489910236330e+02
2.288395922638019613e+02
2.350552643337331062e+02
2.286082727997643644e+02
2.130497399316749920e+02
2.535073104174645096e+02
2.236393230129531844e+02
2.485505080542475014e+02
2.413140867143785044e+02
2.599894304623007315e+02
2.015597668313156987e+02
2.682711190948439253e+02
2.694790714418236917e+02
2.612875268308797558e+02
2.488815586467278536e+02
2.256340897428653136e+02
2.067566585860483599e+02
2.086720334271038837e+02
2.308649706842281262e+02
2.568763269112579906e+02
2.113223164516394945e+02
2.582675974764173361e+02
2.260722273677223484e+02
2.311499432588962009e+02
2.221087015909761817e+02
2.452143587024533531e+02
2.113394008006322338e+02
2.293042491941158119e+02
2.523341681890804580e+02
2.095322558223945748e+02
2.661127338657001928e+02
2.061724114573084137e+02
2.626237798034190405e+02
2.106897656774512200e+02
2.379585503847787322e+02
2.484918327540263192e+02
2.483454355696166544e+02
2.088375100354253107e+02
2.562188427659420427e+02
2.302775135945998670e+02
2.482251564555546111e+02
2.500059621975856032e+02
2.115039168315572340e+02
2.099013503329429682e+02
2.329237178213772381e+02
2.464924183398092339e+02
2.636382178391901903e+02
2.712761340877522116e+02
2.101969560633348237e+02
2.145470419131725635e+02
2.261400609269039705e+02
2.594102740216803795e+02
2.174456942755735440e+02
2.503445315584307878e+02
2.327559050681104793e+02
2.145776908308435225e+02
2.505752019322336253e+02
2.092981347612538059e+02
2.486670504083894286e+02
2.185415537853658350e+02
2.330123970056572489e+02
2.512859097546743214e+02
2.071547992993270668e+02
2.219177656516294235e+02
2.647663145427678160e+02
2.426843994317547413e+02
2.415913261306091613e+02
2.319415957743620993e+02
2.469965170442907549e+02
2.506157620462708451e+02
2.065425747958685747e+02
2.543628981782950120e+02
2.416729894626681698e+02
2.260232962821873457e+02
2.611560617703299840e+02
2.070799615076596183e+02
2.546762834750080060e+02
2.472856418123733420e+02
2.602130379751518490e+02
2.762299789333254694e+02
2.092504114965120721e+02
2.073164202349786365e+02
2.432154231775818118e+02
2.447701871400566915e+02
2.692932732563062928e+02
2.078252537883077764e+02
2.433064750603606967e+02
2.488863796773073318e+02
2.198725041742431472e+02
2.520255122233608915e+02
2.485605143399500605e+02
2.055544771609758072e+02
2.559245736725612232e+02
2.516842793692406417e+02
2.124285363809848377e+02
2.619131446660254596e+02
2.121139785997726790e+02
2.549427576025161670e+02
2.090132290264006656e+02
2.103260273203631812e+02
2.571236909523885856e+02
2.539110744214742112e+02
2.334503864488251565e+02
2.434522687049546903e+02
2.783100951246000250e+02
2.665738303093889954e+02
2.720963078272827715e+02
2.137935291700674441e+02
2.428965181353317462e+02
1.775819359366863068e+02
2.289612230459002546e+02
2.097156558303550753e+02
2.144478898770680075e+02
2.476417129799449981e+02
2.095253041973218160e+02
2.071322998507800435e+02
2.448536897069413669e+02
2.127646314880100817e+02
2.090282546133006747e+02
2.699949855358310060e+02
2.417228420126560309e+02
2.557786194402424655e+02
2.297871646190427555e+02
2.420476307214860867e+02
2.610205646276364178e+02
2.109581097335102982e+02
2.072961017625901263e+02
2.469463342688165426e+02
2.673452882385149678e+02
2.322566566903321359e+02
2.439000184621200447e+02
2.095273920723608967e+02
2.517202168238831916e+02
2.178914002997998978e+02
2.276021793043436503e+02
2.609842929771749596e+02
2.567591472095197105e+02
2.024540500859274630e+02
2.087673798005206720e+02
2.059287521501702543e+02
2.417151009668373263e+01
2.244871628392188825e+02
2.249082147332661350e+02
2.314205640189632618e+02
2.637057594751432816e+02
2.562664875321187310e+02
2.200309450871959314e+02
2.100782106271593648e+02
2.065134565796467712e+02
2.606947137089983926e+02
2.681906203628631147e+02
2.110454935157512750e+02
2.096472881889969813e+02
2.257130791051387746e+02
2.107891293663919896e+02
2.191078617566710136e+02
2.357970416649181686e+02
1.880350807576770649e+02
2.092026043612324315e+02
2.263610049862830635e+02
2.402625641766323099e+02
1.906128535783576012e+02
2.176523663998472671e+02
2.182053543016257322e+02
2.618755539782428627e+02
2.522975203186821318e+02
2.171967621212705239e+02
2.336885420902395936e+02
2.399873267768060145e+02
2.063747116673500273e+02
2.563558795995583068e+02
2.279696087599314751e+02
2.335373669748489647e+02
2.143200291723030091e+02
2.486122645327777718e+02
2.076492785791200504e+02
2.533323094120081578e+02
2.259683812394140148e+02
2.096949700349688612e+02
2.669438204881087131e+02
2.110911027318302899e+02
2.080102527044369367e+02
2.577350696208847580e+02
2.021052682548209987e+02
2.304248885606930912e+02
2.068636056600767859e+02
2.582173108549165477e+02
2.342805152346012108e+02
2.148772099637773181e+02
2.449787250946629058e+02
2.291072304604797409e+02
2.583424529878245721e+02
2.026230367331780826e+02
2.398482779833108509e+02
2.421108044997887987e+02
2.031197462459730332e+02
2.648225819695264818e+02
2.158833294553134579e+02
2.524230664938875179e+02
2.135943994656601035e+02
2.649116488880060842e+02
1.838500729989958700e+02
2.587846321047680362e+02
2.327389883264256127e+02
2.709895446099607170e+02
2.478566406671811819e+02
2.614147571039692934e+02
2.620199452915339293e+02
2.220167501095708360e+02
2.162783581305352243e+02
2.094606459016926010e+02
2.149898572358709146e+02
2.377798850537720909e+02
2.637712417541553123e+02
2.500084001520242509e+02
2.515531361749287100e+02
2.500216205560928984e+02
2.258597011571719122e+02
2.316546790363682362e+02
2.434449290956083587e+02
2.503588521708066992e+02
1.992365630571488850e+02
2.456074246778284760e+02
2.294018182833738138e+02
2.159406910948687539e+02
2.537894580551225658e+02
2.069265525245910169e+02
2.133398177067543315e+02
2.262462629840005093e+02
2.377222220757410867e+02
1.835372293012331397e+02
2.111342185057360439e+02
2.559461971613989419e+02
2.542702901127849486e+02
2.112980273718083311e+02
2.456656967248200658e+02
2.093296280743874149e+02
2.300519789648027427e+02
2.148127818614156013e+02
2.594321747261447513e+02
2.542928516731784612e+02
2.079358356974321111e+02
2.219035701229424831e+02
2.106127943149219277e+02
2.551800711708253289e+02
2.260746417639310550e+02
2.658317765428369057e+02
2.247699725103231856e+02
2.475355477276463034e+02
2.554721765546408392e+02
2.044987399715752190e+02
2.280495276977010235e+02
2.330768292012824645e+02
2.396564565029966332e+02
2.460961842026759143e+02
2.315782871745133775e+02
2.140113244897664231e+02
2.636147244264330425e+02
2.394842248978138741e+02
2.679090480028012280e+02
2.109502205434449991e+02
2.165845258074679691e+02
2.100057213326284682e+02
2.306418126600597134e+02
2.147190068548038937e+02
2.045591636256988579e+02
2.510271725292838880e+02
2.354145962126996210e+02
2.282537234310290444e+02
2.091136519046806370e+02
2.112898431699550486e+02
2.033439854423087070e+02
2.019011455265797110e+02
2.578278766991366524e+02
2.306922057463234239e+02
2.113861771016076432e+02
2.581598402926459244e+02
2.116619282327947076e+02
2.659275772022039064e+02
2.757401101038780098e+02
2.670461862693674107e+02
2.542846331525460357e+02
2.337822975169815720e+02
2.024881709042506941e+02
2.087760310752070154e+02
2.581424179367429588e+02
2.215382843141200624e+02
2.416305601176731841e+02
2.097158336705593342e+02
2.030821590723145391e+02
2.087209029568770120e+02
2.469620950103095538e+02
2.144631167922800614e+02
2.287627875038877221e+02
2.399293961771110162e+02
2.050687193921113192e+02
2.374346000190041650e+02
2.403829903895716598e+02
2.084641000589016357e+02
2.128483829148927100e+02
2.491118485676660157e+02
2.223996772800088593e+02
2.054435153465833537e+02
2.095448736652070352e+02
2.275179384123641171e+02
2.100188112456166891e+02
2.461703434591252915e+02
2.428946136719873152e+02
2.306440247294977155e+02
2.286599456079906076e+02
2.031388165444377591e+02
2.373625749770449147e+02
2.236386246226227001e+02
2.363537580140414889e+02
1.908653574676617382e+02
2.450540325176366423e+02
2.561256449018245576e+02
2.243677168813831031e+02
2.118487776337595108e+02
2.282883593683054073e+02
2.015673111681305443e+02
2.284548962000462495e+02
2.532272334155983060e+02
2.090121585358535867e+02
2.111099619924224555e+02
2.100945512247530189e+02
2.392662175103650384e+02
2.263786349129032942e+02
2.615275626847725334e+02
2.189500748726425741e+02
2.080904413892521347e+02
2.440789431443265869e+02
2.038859554834857875e+02
5.957828458633400714e+01
2.469960266162244693e+02
2.069125255095010516e+02
2.781449630721594986e+02
2.065218675697994115e+02
2.087832202639665979e+02
2.050176483270397512e+02
2.065078792784755137e+02
2.527688196782556815e+02
2.052227441838909954e+02
2.069333094183137973e+02
2.064833617337268947e+02
2.285812614506737361e+02
2.559818820929725689e+02
2.277039859391713890e+02
2.125829544657243275e+02
2.193097855045693905e+02
2.079144711702482482e+02
2.561333878509566375e+02
2.105234063469109174e+02
2.288065104935402587e+02
2.058250765574414629e+02
2.123100511022767876e+02
2.301032479083189344e+02
2.243092477060440331e+02
2.144013646039371679e+02
2.448337071934745950e+02
2.292277014235737056e+02
2.531145244890999493e+02
2.116058855120982685e+02
2.582513298316673627e+02
2.093832538110589780e+02
2.214614455121639764e+02
2.342316192179529537e+02
2.256568849919576110e+02
2.002670024044883235e+02
2.421984742431076825e+02
2.484612291228677634e+02
2.106758596081523365e+02
2.524934466926987966e+02
2.483379635406455463e+02
2.047089951502855456e+02
2.262298898415658925e+02
2.601035477032083918e+02
2.147429654474483982e+02
2.463589325564564660e+02
2.207337390975266658e+02
2.542613721130007320e+02
2.105945845644897361e+02
2.084556388745259028e+02
2.371504719099266367e+02
2.144347220053969636e+02
2.610634519985715656e+02
2.505118606317949741e+02
2.632106416786006093e+02
2.161426435849505197e+02
2.272696199954115741e+02
2.531090424333869748e+02
2.647650754869825391e+02
2.328686031232177243e+02
2.626585517478328597e+02
2.459084102405990961e+02
2.273618565012321540e+02
2.162825389423463776e+02
2.493407825535473705e+02
2.117670366072802324e+02
2.262924764760709309e+02
2.485120843864040410e+02
2.560821463325833065e+02
2.148507498701918053e+02
2.685329805065232449e+02
2.497443914599861898e+02
2.476807719295008496e+02
2.636852649670034907e+02
2.094833832927390063e+02
2.285160383147427012e+02
2.297052648464280082e+02
2.293780471533983985e+02
2.167735803578788136e+02
2.185642796336214531e+02
2.722405159167544184e+02
2.128400699768204163e+02
2.447234772590210241e+02
2.594489443152822332e+02
2.082689030633662810e+02
2.258258865675819607e+02
2.618777776680529428e+02
2.094205432295741218e+02
2.106126435662448557e+02
2.467713333119169192e+02
2.371578030974726801e+02
2.698430734744456458e+02
2.105427983912322247e+02
2.528008970288098567e+02
2.104790365728972574e+02
2.068817998376281366e+02
2.709101541929657060e+02
2.062347803049894424e+02
2.414006538594217375e+02
2.416448948202981057e+02
2.253128606376234586e+02
2.128713479278188743e+02
1.942359619758170197e+02
2.597565765341606721e+02
2.596689858017637107e+02
2.562274133186105587e+02
2.066086361591862612e+02
2.244223778253691819e+02
2.271993885041645171e+02
2.024488789302413920e+02
2.380159480083688948e+02
2.236197301142828167e+02
2.312833382089771419e+02
2.093100112835322193e+02
2.514056730106073303e+02
2.532703122989303495e+02
2.041215531042726070e+02
2.515205168530050628e+02
2.256636888478197420e+02
2.462504487450823660e+02
2.321363962532271614e+02
2.642509260050117632e+02
2.502569881552632012e+02
2.515502962232740742e+02
2.617306909569481377e+02
2.497139976484841668e+02
2.277450971341795878e+02
2.762612460265784193e+02
2.463092886194050379e+02
2.040910381575319832e+02
2.640730322253563145e+02
1.935245439953100401e+02
2.077816831555276167e+02
2.121934001958756824e+02
2.076482024293291317e+02
2.600331067801482163e+02
2.177816755774290414e+02
2.047170728016388921e+02
2.097531387329179324e+02
2.112941704391107010e+02
2.514794482975657388e+02
2.300168187293204767e+02
2.118091362416577397e+02
1.963856020606344259e+02
2.725558776735782658e+02
2.073089656099489844e+02
2.290685600845250462e+02
2.650887527695029462e+02
2.654555472451269225e+02
2.277996699261355502e+02
2.278053379608606690e+02
2.265039575368732301e+02
2.586980169985329781e+02
2.407773151772235565e+02
2.210887911519846796e+02
2.290530724374231113e+02
2.046007510718262381e+02
2.588949262888753537e+02
2.207187334548235356e+02
2.381804660587287685e+02
2.521441889184768570e+02
2.304774368022523561e+02
2.561364215237616691e+02
2.476264057853693430e+02
2.059544886091580054e+02
2.147728880065029102e+02
2.223236440944953927e+02
2.521231007062650349e+02
2.266833296336708372e+02
2.123906745477234495e+02
2.519979683879516301e+02
2.087353823151772474e+02
2.289937086156314763e+02
2.355385895595154011e+02
2.271366112448459660e+02
2.461699733803336585e+02
2.277811434916536086e+02
2.342367081975113194e+02
2.179558443138962218e+02
2.249428256671105260e+02
2.403390811874289170e+02
2.204487155376402825e+02
2.111005461646511208e+02
2.098687235613136863e+02
2.472369209089696369e+02
2.595599699904315685e+02
2.163226971670977150e+02
1.873924491068593170e+02
2.085778323090662525e+02
2.589919519607205416e+02
2.430157940958380323e+02
2.553056589941070627e+02
2.296599576269501881e+02
2.565483811819817106e+02
2.037170681694576047e+02
2.607161780200175940e+02
2.592703978449599163e+02
2.349554760365984407e+02
2.484634087176444552e+02
2.288472851971384898e+02
2.078563937101603187e+02
2.301309398421391847e+02
2.533051094090675406e+02
2.258206161627539359e+02
2.398883679285038966e+02
2.061506488804143089e+02
2.081839651684798014e+02
2.432442099549364229e+02
2.156749779073898878e+02
2.156936579305048554e+02
2.601525951890241686e+02
2.296412143934375365e+02
2.718672706382432125e+02
2.052743999358573888e+02
2.563260621524779026e+02
2.727131881332921353e+02
2.276784533869998768e+02
2.140116180172520899e+02
2.425637541945109774e+02
2.559480507595907852e+02
2.253125818743754962e+02
2.159352983560814607e+02
2.781691109573696394e+02
2.214863069965799411e+02
2.688192016406550806e+02
2.403332202001628843e+02
2.101873282159946257e+02
2.513070370266101747e+02
2.508175143054431260e+02
2.134189333778055584e+02
2.652846446409064356e+02
2.130930248696572562e+02
2.444302887569868403e+02
2.585735532407633173e+02
2.063773061007806859e+02
2.353427092179464637e+02
2.111982455315641403e+02
2.206218437383009814e+02
2.364306531355222489e+02
2.321770064320502627e+02
2.052454075627695147e+02
2.554842368613529402e+02
2.373647610343041947e+02
2.290354783505424052e+02
2.439889557777036089e+02
2.430663490230383843e+02
2.332376619626901686e+02
2.557292751104490094e+02
2.662010152324252203e+02
2.067673430775319900e+02
2.652514702562721141e+02
2.398678526643443547e+02
2.182317418788020973e+02
2.108502868858179227e+02
2.249603370125493029e+02
2.072873092481924573e+02
2.016810312405544892e+02
2.565978055369238859e+02
2.489620462052972414e+02
2.205748060199975953e+02
2.178615061192878102e+02
2.071639205878796588e+02
2.449809631399448051e+02
2.487757980969452376e+02
2.030074071475883102e+02
2.171486952166943638e+02
2.202509408117780936e+02
2.100839639158544117e+02
2.149576083757154379e+02
2.254907777182954476e+02
2.330473663374527291e+02
2.323068385901507327e+02
2.248387316792670276e+02
2.091822032675302125e+02
2.352082273901145300e+02
2.272356289653405668e+02
2.323177335681886859e+02
2.682710083083449035e+02
2.301334550206677818e+02
2.291982263397930240e+02
2.283952545157973759e+02
2.786090957308350653e+02
2.469952164240543766e+02
2.195238846491297409e+02
2.105457222456098236e+02
2.580611709754792287e+02
2.633539416993920668e+02
2.266559039262874649e+02
2.051345624124175231e+02
2.049680364770492815e+02
2.164503808679983194e+02
2.150792235474188487e+02
2.321674163649935565e+02
2.690411268149082389e+02
2.106793063720929524e+02
2.048201058830270540e+02
2.497516440185282818e+02
2.428711819419582980e+02
2.372886062847092319e+02
2.159900319379051439e+02
2.254944114282395446e+02
2.150234807369132568e+02
2.237545105729923591e+02
2.113995564117425943e+02
2.131624989938166266e+02
2.639376621957540010e+02
2.056464110724683110e+02
2.379693719790089119e+02
2.547452461765055318e+02
2.338013268936457507e+02
2.298714347383740915e+02
2.675455744475940492e+02
2.515596199806594768e+02
2.486676113546949409e+02
2.277544720146041755e+02
2.223852090524921721e+02
2.297515045326425707e+02
2.466414620184707474e+02
2.584667596320214216e+02
2.630806358244186072e+02
2.038655706431342765e+02
2.289343688043751399e+02
2.521555947123163151e+02
2.338910164259504540e+02
2.274102225336853849e+02
2.101651686616655184e+02
2.294946969995889106e+02
2.465088283729793375e+02
2.273966692484483758e+02
2.424778273730359501e+02
2.196779387312993492e+02
2.074139248239985704e+02
2.342311824640753457e+02
2.107882086186833988e+02
2.539700196346386747e+02
2.430108734343654646e+02
2.302734215743979291e+02
2.419014942707991338e+02
2.092994567697732009e+02
2.456969279114042592e+02
2.142672015354366124e+02
2.542962141687365261e+02
2.756713296200661034e+02
2.074578328868887240e+02
2.049617015006414249e+02
2.485973346199338607e+02
2.470298891642725607e+02
2.466079618853091233e+02
2.038694111412236225e+02
2.392954952589882680e+02
2.027947830977732337e+02
2.314330386042984173e+02
2.037162382035194810e+02
2.456301022666299332e+02
2.339894928051766385e+02
2.559930538842119461e+02
2.484610478736513244e+02
2.291904705798723398e+02
2.602343523009038222e+02
2.135589401655485347e+02
2.204040978951735212e+02
2.539402419784861422e+02
2.076336114775477313e+02
2.069640791494822452e+02
2.078794046198865431e+02
2.059757884511903399e+02
2.163267781843280204e+02
2.120035101994292290e+02
2.195058014820494350e+02
2.429847134666631234e+02
2.462160705130352198e+02
2.432182384238186899e+02
2.154854943729459364e+02
2.308953820893165698e+02
2.015441533548790858e+02
2.152796399395094227e+02
2.293658118511174848e+02
2.059229662052916296e+02
2.151727359582334316e+02
2.289112837690814786e+02
2.142124270297412352e+02
2.103655098923138098e+02
2.536827766694360946e+02
2.471308105947934166e+02
2.296449441810211738e+02
2.600264316381226308e+02
2.171667698647104885e+02
1.966063739187193846e+02
2.261073466299644679e+02
2.488468618535008261e+02
2.182420761164214582e+02
2.244591510128350365e+02
2.275577821450613669e+02
2.340853181461689303e+02
1.840275701574814207e+02
2.267813531524732866e+02
2.536114787027305510e+02
2.103119218106684798e+02
2.156593140632429311e+02
2.311819548314326767e+02
2.597247397301801470e+02
2.271197551649640332e+02
2.053930184905278793e+02
2.427995650860852663e+02
2.328923918998122815e+02
2.517551751686214061e+02
2.123203618157565415e+02
2.486673184167948705e+02
2.098587036450071537e+02
2.036229721724043600e+02
2.297555226997989735e+02
2.424566174880150413e+02
2.517382008569513800e+02
2.016350572639146321e+02
2.500110067912366674e+02
2.114004690173607628e+02
2.289230195897815747e+02
2.671041979169718843e+02
2.527925788558921454e+02
2.117493051683869680e+02
2.435817065709077838e+02
2.285282075029249995e+02
2.117055130920096531e+02
2.442398566501022970e+02
2.761088535237391852e+02
2.097818291235547008e+02
2.205011718668108642e+02
2.075293307116207870e+02
2.007551356656643975e+02
2.276850384022414744e+02
2.648972282981525268e+02
2.526317714151950611e+02
2.165991084280635164e+02
2.151492174391680123e+02
2.060533500289249389e+02
2.656434838501191962e+02
2.604380594330866074e+02
2.300016576654905691e+02
2.238220450783423985e+02
2.179387304465937518e+02
2.421703406177870477e+02
2.661242943421236760e+02
2.085386410569046802e+02
2.535191340962002755e+02
2.345161956489372415e+02
2.340688232356756089e+02
2.525866136687902213e+02
2.288563404824415102e+02
2.090537969234003413e+02
2.501569601236104177e+02
2.603313338715024656e+02
2.479110247219389009e+02
2.302446635165560167e+02
2.203042401955248693e+02
2.296117893778098278e+02
2.289913777934609698e+02
1.945772741537809623e+02
2.693900501057001975e+02
2.128053444918231492e+02
2.671874906054047187e+02
1.975543397622392376e+02
2.052513991439375616e+02
2.313877539124968905e+02
2.025430130067282448e+02
2.230163314767337965e+02
2.345191236066266924e+02
2.494380760107312085e+02
2.090954747684696429e+02
2.005477848764329565e+02
2.315798807774836519e+02
2.104460903983671187e+02
2.101839646606183862e+02
2.159720486682609248e+02
2.401400553822172697e+02
2.291147199177368066e+02
2.643959974627018710e+02
2.521459881792628721e+02
2.609240680255014695e+02
2.112513826016194400e+02
2.063714829884746962e+02
2.383076617914832127e+02
2.289049695876938699e+02
2.037976901176556339e+02
2.127948308198538712e+02
2.081726599276492493e+02
2.184568391893396608e+02
2.136646809272749579e+02
2.125472789209989912e+02
2.617364414749104640e+02
2.547937575074707013e+02
2.096684692711152422e+02
2.429147612084544221e+02
2.284769330568462635e+02
2.786962490184992021e+02
2.546486550089205139e+02
2.159348218728860047e+02
2.111446098202900146e+02
2.137750929817911185e+02
2.630051408524946623e+02
2.087536272002354281e+02
2.582900376277681289e+02
2.169001391641292571e+02
2.275034718886032579e+02
2.647114776672353855e+02
2.132501597097891874e+02
2.117085659810713878e+02
2.124104943311509714e+02
2.460860403010840116e+02
2.592756971374580530e+02
2.348374337715237914e+02
2.212153870754373770e+02
2.483862624375799726e+02
2.760318698277386034e+02
2.139293148617574332e+02
2.241746444673995029e+02
2.491206975150085441e+02
2.587469991621746317e+02
2.255298890985997389e+02
2.454210231489045668e+02
2.466268282979664264e+02
2.062437496075434069e+02
2.354850396281969438e+02
2.057213162640687756e+02
2.087309820266342797e+02
2.076344702214953770e+02
2.305730252349852094e+02
2.268724441815688806e+02
2.110339949634346794e+02
2.554522361628190481e+02
2.431603261968108143e+02
2.496240493498411297e+02
2.588005391203017780e+02
2.606691147044021477e+02
2.029551388827886456e+02
2.509360632924748415e+02
2.274429069027385708e+02
2.666716252296278071e+02
2.107822290888675809e+02
2.302742534054796693e+02
2.126098261619272876e+02
2.096551274658941963e+02
2.406871302913288559e+02
2.224361322160712575e+02
2.658569677240361671e+02
2.656405422165421442e+02
2.227282710754780624e+02
2.270701538651078408e+02
2.313439195052210948e+02
2.584641287860567900e+02
2.413842498594052586e+02
2.148761694470557586e+02
2.535758609133136474e+02
2.541408756798767854e+02
2.265259806159540119e+02
2.492552234635696777e+02
2.097053115279672966e+02
2.427645091534730000e+02
2.253687423199608588e+02
2.110393015798125589e+02
2.113445975115998579e+02
2.268047233496802448e+02
2.257408470097829536e+02
2.079092526144415558e+02
2.504853669725940222e+02
2.179592961283595400e+02
2.516626372128772005e+02
2.539706220265989316e+02
2.735060124669182642e+02
2.497335517376382086e+02
2.175521770171735909e+02
2.031580624307250673e+02
2.487118153442634139e+02
2.327145454338102297e+02
2.112396161246763882e+02
2.484087166431846754e+02
2.548976788351244522e+02
2.070636321986756911e+02
2.249247218651371156e+02
2.067911253118905393e+02
2.181599748233856815e+02
2.711009521769175876e+02
2.715229188610164215e+02
2.538288752133211119e+02
2.166018826950038942e+02
2.623198655221435729e+02
2.179817386094232745e+02
2.136742844722034249e+02
2.570725332016996845e+02
2.486098946857646013e+02
2.590976203818759132e+02
2.056487144061296704e+02
2.106922655583190931e+02
2.197935058914999047e+02
2.110552157968673725e+02
2.047278949390476157e+02
2.132924684704155140e+02
2.210293039214337227e+02
2.073936955498246277e+02
2.537853590126349843e+02
2.506118611516117198e+02
2.105989120340178147e+02
2.097749648579925577e+02
2.739895711991867984e+02
2.256347311699007889e+02
2.549564047168665866e+02
2.174805814988464476e+02
2.114259489686805864e+02
2.386063742154368867e+02
2.121108097431847455e+02
2.631986862733797921e+02
2.047121912224489506e+02
2.266096260490718350e+02
2.607443314901166218e+02
2.100410682782874972e+02
2.361657884335033373e+02
2.659681420237161547e+02
2.084117878623565048e+02
2.049773757448901961e+02
2.148186876721061935e+02
2.414906829309988439e+02
2.617590618338041963e+02
2.414879143634049967e+02
2.155227720077589595e+02
2.045183250329512816e+02
2.128242737774267255e+02
2.186396700868915559e+02
2.301139626410214305e+02
1.992728340648119172e+02
2.129092808432621382e+02
2.032705547557015109e+02
2.138779547572541162e+02
2.116764076839299662e+02
2.747909090188977075e+02
2.184799531490756976e+02
2.032441851201099894e+02
2.467193326539676548e+02
2.239224442935535819e+02
2.149014909582269013e+02
2.111362522520657592e+02
2.368664737737731798e+02
2.547784429341028272e+02
2.593735303962521357e+02
2.416374247267706039e+02
2.204671807837141557e+02
2.655658222562781248e+02
2.264312407852141575e+02
2.282289346539594135e+02
2.188946883506399104e+02
2.465545555335951065e+02
2.290564433484061340e+02
2.549415071782213147e+02
2.273205373311325843e+02
2.510120640051198109e+02
2.080563629089963911e+02
2.313715282389239292e+02
2.084249366751289472e+02
2.178940432626982329e+02
2.737376345942407738e+02
2.417185399432600263e+02
2.376962914449296136e+02
2.341568076740532263e+02
2.532386749159557553e+02
2.422859813982529431e+02
2.179929290792691745e+02
2.493413323551835390e+02
2.014207112070191954e+02
2.505329032942352683e+02
2.502348769980649195e+02
2.644897923464672544e+02
1.977033590157520280e+02
2.248248814178108432e+02
2.567995800751627371e+02
2.266777079124037186e+02
2.544446632010155156e+02
2.108178781275511540e+02
2.460876481510231315e+02
2.086820661278145224e+02
2.226417768522593121e+02
2.104020137355924192e+02
2.259325896389606498e+02
2.630319153535367604e+02
2.269276930786397202e+02
2.323461615217205178e+02
2.652641821932871267e+02
2.089179665327584985e+02
2.120428424546804536e+02
2.056660706126373270e+02
2.605348330709840639e+02
2.085526236844811478e+02
2.733368214039916211e+02
2.433314438887012159e+02
2.107183867324424682e+02
2.183076343549798537e+02
2.263610517670865647e+02
2.481746933421626409e+02
2.072092608014263533e+02
2.497860282161774990e+02
2.222164681819360226e+02
2.485645539444061569e+02
2.298354039344996522e+02
2.075353279621088802e+02
2.527681441022098170e+02
2.308867504235174124e+02
2.193928043105204893e+02
2.157809396279891985e+02
2.076707362156429042e+02
2.229974898548943258e+02
2.078377447539671721e+02
2.346251560682481738e+02
2.455599760240591536e+02
2.092955580088502074e+02
2.361144097305778473e+02
2.096897073425022882e+02
2.242182306394866202e+02
2.293663141345950862e+02
2.719226699083700396e+02
2.517912513510245276e+02
2.091073173527986455e+02
2.495315911517801624e+02
2.092569202245373390e+02
2.030441136965929445e+02
2.291818981360402177e+02
2.475639140193763410e+02
2.242077948348639040e+02
2.207927317802787570e+02
2.307420454073440794e+02
2.476478160177602490e+02
2.113961514578012384e+02
2.262681633803016723e+02
2.541940790609963017e+02
2.468537538346098472e+02
2.085783744092444465e+02
2.651118524870035458e+02
2.147901771730412861e+02
2.111670523240400144e+02
2.640044770599180879e+02
2.328887974407041384e+02
2.322143192360925923e+02
2.653531645993837174e+02
2.189161213285198642e+02
2.098064642136923226e+02
2.600213659675800955e+02
2.387741890954380324e+02
2.320204614866406132e+02
6.732643797418620579e+01
2.326185558977362575e+02
2.092357328073899794e+02
2.461113116723413157e+02
2.298728288382665141e+02
2.359041740689122264e+02
2.375847717020753862e+02
2.551613623085564200e+02
2.582090621539513222e+02
2.340114936020837604e+02
2.229233737291918374e+02
2.094138928060160083e+02
2.168001142050979695e+02
2.029626135899491715e+02
2.235281995301285747e+02
2.584682480421024025e+02
2.625047933274856859e+02
2.058211449901592687e+02
2.087280607383069650e+02
2.285620305009314848e+02
2.283809558374132109e+02
2.057583416160239551e+02
2.603053207088535714e+02
2.036420869446937729e+02
2.520497308710964717e+02
2.312019351088428607e+02
2.661324294395856782e+02
2.239513017299222497e+02
2.112783383981638963e+02
2.581844964504861082e+02
2.108741431727082727e+02
2.298623848537557706e+02
2.478969523265044756e+02
2.325813502922927967e+02
2.507477786682431997e+02
2.268999689353738063e+02
2.098741679324419636e+02
2.349892319447075124e+02
2.545936555484857422e+02
2.612433928438674684e+02
2.111021021162970897e+02
2.101998164810223102e+02
2.078324939737254624e+02
2.626734036831668391e+02
2.515938639654821714e+02
2.489458781105952596e+02
2.496278929852305453e+02
2.510071127144303489e+02
2.635304616522294623e+02
2.217958078813920793e+02
2.174334452929134329e+02
2.285276168320103807e+02
2.430990212719693204e+02
2.418015103405892887e+02
2.272307239308020712e+02
2.656213367076045415e+02
2.388398206348838073e+02
2.056644415361717506e+02
2.501945134783404683e+02
2.043070424721027507e+02
2.498711973604210357e+02
2.235813576221782171e+02
2.573946174124003505e+02
2.346914890585467219e+02
2.156733966583139761e+02
2.277951600676332475e+02
2.305256539094402797e+02
1.842839675883773793e+02
2.054084919196775445e+02
2.563475769107301403e+02
2.114739869957815017e+02
2.634753087889687322e+02
2.305410488553127379e+02
2.211437648359922150e+02
2.558844575513050472e+02
2.530852698472608893e+02
2.076522525388685949e+02
2.159615942714680159e+02
2.220593969642096681e+02
2.113411951738582104e+02
2.129179018389954194e+02
2.531994358646398382e+02
2.423596055764267874e+02
2.536840847766767979e+02
2.059184718631759665e+02
2.101476045198029396e+02
2.176954454904790737e+02
2.571347379756053328e+02
2.055541844047523341e+02
1.997924546421446053e+02
2.144447452242901875e+02
2.105263792272456271e+02
2.106654142284102420e+02
2.610596290090528555e+02
2.069485802324810493e+02
2.090588312736072112e+02
2.251571675316634469e+02
2.701930646232989375e+02
2.022874232250501336e+02
2.117562442413866393e+02
2.032801869529859573e+02
2.259765658793904777e+02
2.259103477692383990e+02
2.483793329447917415e+02
2.563620072359270239e+02
2.558046100162563334e+02
2.265655591950211942e+02
1.998467172371423430e+02
2.558098834436434288e+02
2.526118312041908780e+02
2.243839524242255266e+02
2.276217606517217007e+02
2.538939940605844470e+02
2.486808443186562272e+02
2.129163996570479469e+02
2.486118709811174767e+02
2.542515026290647313e+02
2.290661214193356443e+02
2.433675038641142692e+02
2.072643635761546079e+02
2.089308653862763094e+02
2.408050910508015647e+02
2.409706675208566935e+02
2.053312930301980828e+02
2.295902871415734410e+02
2.287533210029081374e+02
2.292870792069345498e+02
2.208583607824056969e+02
2.558396860456404909e+02
2.261637620038384568e+02
2.315872096996244522e+02
2.066120950176609199e+02
2.372568091861644746e+02
2.265457220760744974e+02
2.301324697191469966e+02
2.525165911963624126e+02
2.153641964498554842e+02
2.246689504175362515e+02
2.549554012317386196e+02
2.575539836930882984e+02
2.391378497322097587e+02
2.464817311771300581e+02
2.587053652591109767e+02
2.406597561209003402e+02
2.171209895777143117e+02
2.564364098512327246e+02
2.326962060733407611e+02
2.600698616182068008e+02
2.521275155095420075e+02
2.082485902955294819e+02
2.786171333816924403e+02
2.522653477729609790e+02
2.461691407302510299e+02
2.213371107624906529e+02
2.522416900788090288e+02
2.407786465554904112e+02
2.380644405139443052e+02
2.118079491380580350e+02
2.547623696729725395e+02
2.288130834173571202e+02
2.355327347223953893e+02
2.073145497769113206e+02
2.130848390775153689e+02
2.216403525717405500e+02
2.078093255663943069e+02
2.052364789832034262e+02
2.567177860209586697e+02
2.145767882142762346e+02
2.268623455379852487e+02
2.037811322146981752e+02
2.079820593387790382e+02
2.501851873704131322e+02
2.367043237407064566e+02
2.576841261057168140e+02
2.256420817002917829e+02
2.321227362887305787e+02
2.090617233219439299e+02
2.608823322586847553e+02
2.069221616149193892e+02
2.132744562989192048e+02
2.278263062301730315e+02
2.240090636702577740e+02
2.219334308507837648e+02
2.233154711497008407e+02
2.378332905508348176e+02
2.571015164044964649e+02
2.602591707292666001e+02
2.120390242777331196e+02
2.129804706934481544e+02
2.447959636468759186e+02
2.081707488585878139e+02
2.281591703317237432e+02
2.356036807667837820e+02
2.714099957634848579e+02
2.119966855959093550e+02
2.267299165246910206e+02
2.072467811031694964e+02
2.584045229293230932e+02
2.410829764780393134e+02
2.044977475201858681e+02
2.594461440889031110e+02
2.320378406828235143e+02
2.372410023216390300e+02
2.437074169375794668e+02
2.292421359689226108e+02
2.118754795535038227e+02
2.516167733074099715e+02
2.247699234856712849e+02
2.636963059096611914e+02
2.551450485151734426e+02
2.610490520879322958e+02
2.090647386205737348e+02
2.213316434435679980e+02
2.151127410702068801e+02
2.557912441248552682e+02
2.086945723125319319e+02
2.293097112403094968e+02
2.597700786801809159e+02
2.533665344180437557e+02
2.341828086613267601e+02
2.341218018122585249e+02
2.277891458942137888e+02
2.610953476182563122e+02
2.066984280930167301e+02
2.074003461884688022e+02
2.184594146197964903e+02
2.295821560786992848e+02
1.934328217277453632e+02
2.270994950010402533e+02
2.663332505272627486e+02
2.587490605601381048e+02
2.303020386828839605e+02
2.573285259585238691e+02
2.346033411241877502e+02
2.565660140659326771e+02
2.562026741123492002e+02
2.159596289182610178e+02
2.456119679792303430e+02
2.276035219768842808e+02
2.535308951501456534e+02
2.534792626569341110e+02
1.780453484886037074e+02
2.105387745265026922e+02
2.027343223815745432e+02
2.046141863347249625e+02
2.269111435560405425e+02
2.199516531598281119e+02
2.509280882989977499e+02
2.537934177986294344e+02
2.113240090167998062e+02
2.393157374899096226e+02
2.078371980171856421e+02
2.526446450903929417e+02
2.651776127301960173e+02
2.402897062202188181e+02
2.382900826374344092e+02
1.806779848704017866e+02
2.064172006538876758e+02
2.783470352105709935e+02
2.019410451308941106e+02
2.493426800211035186e+02
2.043828799349760175e+02
2.126247264318707835e+02
2.095909646403424915e+02
2.489180096616425999e+02
2.167333747911241915e+02
2.077805785537715053e+02
1.892008840153123685e+02
2.088682440547213446e+02
2.289452108569319080e+02
2.522790392538844060e+02
2.482369977610674709e+02
2.530484026582707031e+02
2.554522218277826937e+02
2.445040054177668480e+02
2.317814988299232937e+02
2.491493003044355135e+02
2.537047849529926964e+02
2.061267977360569432e+02
2.027273725883213444e+02
2.302040021745144713e+02
2.584432844184906344e+02
2.595418014608183057e+02
2.521293095332080156e+02
2.472163196037499802e+02
2.450429674345517981e+02
2.699875908864472649e+02
2.086895746451327796e+02
2.620820979436173275e+02
2.357946825985062560e+02
2.244308802703656625e+02
2.301897558897090335e+02
2.380446240558442526e+02
2.076565622599830192e+02
2.116427261687109649e+02
2.115383021965674004e+02
2.581266748096288666e+02
2.574914601669975696e+02
2.673921963026893991e+02
2.302897090917942933e+02
2.171598001734437275e+02
2.091424864022532688e+02
2.566889999235486925e+02
2.264664607505724803e+02
2.197268611790213413e+02
2.321219401789734889e+02
2.408534328588850144e+02
2.073229643780672689e+02
2.026160413182795423e+02
2.663915374507411684e+02
2.519117704959276693e+02
2.549569166023599109e+02
1.966070369837860312e+02
2.509760856182599014e+02
2.452075445479300129e+02
2.553656647238228175e+02
2.557017955359316375e+02
2.620775380963067960e+02
2.190299428377282140e+02
2.287171824846053880e+02
2.051422370601196690e+02
2.594704175244328326e+02
2.037206105648578784e+02
2.597755198272108146e+02
2.120051571965595372e+02
2.489281511990640183e+02
2.298232194157277490e+02
2.271274159679865079e+02
2.523135564979664593e+02
2.273139220876922195e+02
2.122505904259398051e+02
2.698836177821563069e+02
2.123234556564721629e+02
2.427890236270217770e+02
2.595645852773055822e+02
2.462823066686938773e+02
2.104985750731187295e+02
2.408002695514680340e+02
2.105088838107746199e+02
2.066305691085811418e+02
2.128271643235778470e+02
2.500188936115571892e+02
2.574775917323352132e+02
2.045603778928852989e+02
2.567831429002393406e+02
2.243472684691710697e+02
2.088491461843738080e+02
2.302709154674285514e+02
2.477734786152958009e+02
2.503045102052294055e+02
2.639699151750015744e+02
2.562064911831141671e+02
2.274958681975305126e+02
2.581326670165535688e+02
2.298483278952321029e+02
2.461227453966650671e+02
2.171622121867420390e+02
2.130255176479267050e+02
2.170411464067108795e+02
2.091810905541738634e+02
2.231446047182448069e+02
2.668751858333372411e+02
2.049840786976760683e+02
2.543021012573059352e+02
2.378669974775947367e+02
2.360275433743000519e+02
2.548135428759945853e+02
2.537682151065634457e+02
2.323330825488036453e+02
2.295301524179213857e+02
2.421739946969088066e+02
2.369824092886303788e+02
2.337867958968147946e+02
2.619828406136801391e+02
2.377032510159299363e+02
2.057660057494206853e+02
2.511356797796152875e+02
2.230809402988899137e+02
2.483096527836752614e+02
2.141776356909312824e+02
2.268595590653809779e+02
2.241735783985171793e+02
2.371529187667285896e+02
2.553573362253671917e+02
2.124902313781267935e+02
2.335973436806535801e+02
2.030658639334542954e+02
2.443243668791569974e+02
2.314565427848910986e+02
2.309087088828758851e+02
2.129343115216134095e+02
2.518488977826974633e+02
2.315238463498283181e+02
2.390890025722580958e+02
2.521953882803619820e+02
2.052744585986087316e+02
2.730724735968565255e+02
2.271762869950196659e+02
2.245197277820987836e+02
2.096432614748477476e+02
2.292999042385582698e+02
2.089562427958856290e+02
2.097830981740935385e+02
2.260468804956766746e+02
2.528936888110596897e+02
2.127591279291143564e+02
2.165844655447290847e+02
2.102803064952825309e+02
2.550978135592871467e+02
2.253945137019244100e+02
2.071262963076636368e+02
2.121703220072946010e+02
2.477657009316092740e+02
2.259937112423271515e+02
2.563727943746059168e+02
2.015591273649345965e+02
2.528342880970500062e+02
2.270445169607473304e+02
2.076517730662829706e+02
2.099250538481112471e+02
2.168261945492251925e+02
2.634644754748746891e+02
2.693942159098309048e+02
2.081740680395944594e+02
2.527993961118046968e+02
2.057161958074169092e+02
2.107372112864071028e+02
2.650809646389391219e+02
1.802486301343098489e+02
2.285388878982953997e+02
2.507682155777633568e+02
2.090407108869577542e+02
2.692906298823647830e+02
2.117513676583028541e+02
2.330302833494029642e+02
2.073711041671914188e+02
2.521491459849617627e+02
2.405130639869700815e+02
2.334014033405706812e+02
2.063351630853086363e+02
2.079858315780059002e+02
2.414022622728361398e+02
2.202588400293411155e+02
2.117884369362276686e+02
2.482807567232109136e+02
2.222019795020009951e+02
2.320657257347621112e+02
2.661739622982523770e+02
2.175983829835980998e+02
2.549339972042112095e+02
2.278865839809909062e+02
2.641051386678007020e+02
2.188051260121737869e+02
2.132759501724401900e+02
2.253061460840478389e+02
2.420159282260727309e+02
2.108456488584689055e+02
2.082327076098691805e+02
2.591383809188903911e+02
2.374629336083293367e+02
2.059604216941464756e+02
2.476779931122288758e+02
2.073537559343478733e+02
2.218414354284300600e+02
2.450018546167683553e+02
2.521163485266787916e+02
2.369040504516254941e+02
2.562335510843189468e+02
2.150612577645157444e+02
2.282952028810080662e+02
2.589853762803909945e+02
2.444929197971350163e+02
2.105954705004828043e+02
2.050233104797607098e+02
2.661090545865405943e+02
2.254198995298126817e+02
2.468550301052121085e+02
2.245176389927094647e+02
2.440211239886764361e+02
2.075282358134881520e+02
2.125859697293132058e+02
2.174065277250770407e+02
2.042220468935156532e+02
2.107211642493225554e+02
2.303323648404517030e+02
2.495015448124563022e+02
2.471136716574926595e+02
2.624367049426706444e+02
2.339223544956665251e+02
2.081669463578332397e+02
2.526891134775917180e+02
2.491879395177625156e+02
2.233008599057122296e+02
2.189269984811975860e+02
2.100059523980889935e+02
2.296466007233760536e+02
2.466102228495324198e+02
2.661962942090705155e+02
2.094472786089566227e+02
2.067772407260065393e+02
2.301538842807766514e+02
2.571113879316384327e+02
2.286606008491091870e+02
2.057689491466364302e+02
2.116724835898109518e+02
2.513441355667592063e+02
2.026506142430604598e+02
2.317608796403934548e+02
2.210357029601240129e+02
2.468190338410890377e+02
2.294400091707808258e+02
2.417166390237772475e+02
2.162505413125905420e+02
2.541385557945886262e+02
2.395094949375165356e+02
2.299779434337868622e+02
2.367711046470780616e+02
2.495508391931977314e+02
2.056098993316346082e+02
2.293795736400642511e+02
2.109433459990215738e+02
2.272760880852096363e+02
2.074834728539115360e+02
2.113672572803578191e+02
2.259790754628174625e+02
2.263064126305377783e+02
2.291970656348487978e+02
2.526190000959139184e+02
2.544982103270858715e+02
2.083735292233652103e+02
2.072096605072428588e+02
2.337521968248036899e+02
2.496334526622678709e+02
2.033650801800400814e+02
2.112618423771760376e+02
2.200984692502496785e+02
2.303257214017019692e+02
2.315949531028524575e+02
2.300258648701033053e+02
2.277980458706311708e+02
2.181350342177233870e+02
2.392476205445805135e+02
2.282069232594279811e+02
2.489599231996096194e+02
2.262713958412992099e+02
2.493752464921828391e+02
2.070585321157584247e+02
2.368569698595043747e+02
2.210496052740079165e+02
2.159116029060533890e+02
2.075121148705482312e+02
2.104605390361033415e+02
2.217896275547062430e+02
2.364724579369202502e+02
2.501869621271123947e+02
2.083776204583373044e+02
2.236766866864923315e+02
2.646864182796923046e+02
2.086537880187536587e+02
2.062675335697501566e+02
2.106942328661639294e+02
2.296393011256181182e+02
2.657669774340088793e+02
2.499440116128841680e+02
2.629260858832149665e+02
2.427354605841721309e+02
2.275362359632390508e+02
2.218688285817709129e+02
2.138722148055714740e+02
2.267759508644467417e+02
2.090568508705719637e+02
2.115017121339935500e+02
2.250797893830714997e+02
2.421858618936904861e+02
2.683210981815254854e+02
2.263243554972888774e+02
2.465352182948040536e+02
2.546583259362215870e+02
2.379578950806349553e+02
2.117440602148175230e+02
2.492432857684879082e+02
2.220396662323644534e+02
2.208015648004829927e+02
2.355586772233384636e+02
2.514857096036531630e+02
2.291177288181010283e+02
2.460221480723520244e+02
2.228056931141099994e+02
2.027347729215435663e+02
2.422679501352984630e+02
2.111243621100690575e+02
2.524722568271593843e+02
2.434842329887038090e+02
2.156290581150230139e+02
2.248413852793056265e+02
2.108479028556948833e+02
2.601562463690734717e+02
2.675981296811175980e+02
2.318267260931994542e+02
2.259895943616099316e+02
2.078554720165107312e+02
2.625473167665243750e+02
2.102376253004668172e+02
2.264020297854758041e+02
2.336798881247161717e+02
2.261985163504807872e+02
2.344666751152972779e+02
2.260738551889444352e+02
2.459737146441563596e+02
2.640363832772233650e+02
2.320830060841085469e+02
2.579044944199895895e+02
2.558948593186452172e+02
2.618274139861487697e+02
2.273440505230085762e+02
2.259886601306333489e+02
2.449995536218044663e+02
2.424577454615593979e+02
2.126920020959578892e+02
2.116905322319369986e+02
2.603518594477164925e+02
2.505405657122180969e+02
2.098794929238759437e+02
2.053916105717432856e+02
2.420854442556980644e+02
2.454057325294483007e+02
2.575953547891023163e+02
2.390436563231403966e+02
2.504085028277313825e+02
2.492978719010594091e+02
2.282184905857279773e+02
2.263366431138957751e+02
2.582763183401719971e+02
2.630228564574931625e+02
2.467874305480331429e+02
2.286064087058437622e+02
2.040174657540129601e+02
2.199301297814996019e+02
2.276897002976704414e+02
2.088233181650921324e+02
2.108958313797616313e+02
2.620287378146729225e+02
2.518276787690520564e+02
2.339553794421212842e+02
2.100463077250977619e+02
2.062884801576297775e+02
2.082175644997419113e+02
2.468790746098228226e+02
2.104296830038879875e+02
2.630804722357655123e+02
2.478827972337584242e+02
2.040408766460893162e+02
2.179119981464042439e+02
2.047715357537294381e+02
2.060261853825948890e+02
2.286428045892234593e+02
2.244389219609899442e+02
2.705748727945132828e+02
2.268155546973313506e+02
2.122112293405541550e+02
2.252393068851674798e+02
2.283491550142641699e+02
2.082952309572439731e+02
2.485881466147505989e+02
2.328117982414046310e+02
2.062406538113405645e+02
2.218661166567142402e+02
2.107965758202139739e+02
2.096941865860456460e+02
2.308037210785201978e+02
2.171599758002872136e+02
2.769686012737723217e+02
2.052227785452597857e+02
2.477890723779952395e+02
2.380032213728985653e+02
2.453523753209241818e+02
2.483120750719573948e+02
2.164056305259267390e+02
2.525174007877401436e+02
2.592102150506109410e+02
2.079293456047273594e+02
2.058157976983029300e+02
2.474491740058269329e+02
2.087714211036280005e+02
2.490131138652014613e+02
2.520100220298117790e+02
2.522296025918729754e+02
2.323352104967318041e+02
2.071316973768128946e+02
2.102216394442290550e+02
2.258356803964179846e+02
2.063162802727738949e+02
2.096784432630956871e+02
2.557794176896032354e+02
2.533543607142180747e+02
2.071565912894277517e+02
2.346797382469611364e+02
2.524042224964291847e+02
2.077613037770670985e+02
2.135261490068808996e+02
2.430752071658532998e+02
1.837829552946743945e+02
2.044438328211568603e+02
2.487088057267987438e+02
2.534400430015464565e+02
2.571563158221267145e+02
2.252003718521064570e+02
2.222878150848266614e+02
2.563461916893400030e+02
2.040293345708665811e+02
2.464830710065047583e+02
2.100016536576042654e+02
2.424924311068993461e+02
2.505211047499590222e+02
2.460631133909379287e+02
2.622452600427528751e+02
2.236585960159987394e+02
2.187527587039394348e+02
2.159089974682378852e+02
2.573306945987877725e+02
2.535932768164023514e+02
2.310242903717939100e+02
2.075990741174165635e+02
2.374458248206370286e+02
2.058817629153402322e+02
2.656638159912189394e+02
2.452369499457456072e+02
2.077443759911415668e+02
2.306268701549425941e+02
2.132149365514950148e+02
2.230726021014955052e+02
2.057352078724491662e+02
2.471498264334559281e+02
2.369789064179018396e+02
2.214667441908469527e+02
1.774603895605876573e+02
2.113754610933644074e+02
2.095486566098978756e+02
2.099162141161003206e+02
2.109324153568567795e+02
2.696597235853196253e+02
2.447275679207857024e+02
2.046330790582049985e+02
2.643634402831416992e+02
2.642471660114641736e+02
2.119192300929669841e+02
2.343311672588781676e+02
2.115028090051609979e+02
2.670595239720752829e+02
2.569867609257150889e+02
2.094363850425288547e+02
2.073999403039538549e+02
2.535555906461593736e+02
2.075319179986775566e+02
2.117451800316145523e+02
2.289414115000917889e+02
2.295456221096863487e+02
2.328723380241031577e+02
2.272523839464473099e+02
2.060073935251342050e+02
2.114858993569283143e+02
2.278129509420231500e+02
2.596376926009688759e+02
2.265538258670288485e+02
2.114353832595375025e+02
2.152499038248839724e+02
2.262912626126151849e+02
2.095788515259455949e+02
2.234623446882332303e+02
2.100384162919729079e+02
2.086522251462460815e+02
2.077747182977583122e+02
2.092669870908120799e+02
2.107681576515786332e+02
2.076407047517191984e+02
2.058294099432447695e+02
2.100835353645966848e+02
