7.529533209951588901e+01
8.067401035714546254e+01
6.378581297358238089e+01
7.669222312500087924e+01
6.340420956342472181e+01
6.656633470155225041e+01
8.726582436889511030e+01
6.740205500130542760e+01
7.384713345375055837e+01
7.757037976080921737e+01
6.756080816304476855e+01
6.578321507450301908e+01
7.105775749575423106e+01
6.887912092225235483e+01
6.617513166293743154e+01
7.115421495036814292e+01
6.908506802137719660e+01
7.443892663684023603e+01
6.559038971421460928e+01
7.018713698981356686e+01
6.480559045137452756e+01
7.948634243518721121e+01
6.434451853490243423e+01
6.355798739175433099e+01
7.807942215579095091e+01
8.404045827752067055e+01
8.987288975594020712e+01
6.680712938525249456e+01
6.267809416596250571e+01
8.376192450306029968e+01
5.766442784787183484e+01
6.980660640145777052e+01
7.029741557958308817e+01
6.135646028296765309e+01
8.691142192198800842e+01
7.473929985381333552e+01
7.929197860715900958e+01
7.497708955405958875e+01
7.425571035618590088e+01
6.496300134888859645e+01
6.914999524301893530e+01
6.744849957106197280e+01
6.703653729503497516e+01
6.491409397306570384e+01
7.375650851810512165e+01
8.558878354836328128e+01
6.782460451905788545e+01
7.244707462000798159e+01
7.415175581092695722e+01
6.824425791622081761e+01
6.721687312724314722e+01
7.938179577642867457e+01
7.913070563587341155e+01
6.586065820648893521e+01
8.188183226670440717e+01
6.922847248389143715e+01
8.333605832157768134e+01
1.012516786772207382e+02
6.435213315943076395e+01
7.175970869197648483e+01
8.471018851828218033e+01
6.501649521880896998e+01
7.724204489650780658e+01
6.929451486130278681e+01
7.216962670540637248e+01
7.081545997369155998e+01
6.691997963119810322e+01
7.036398612790016216e+01
6.726530267167919419e+01
4.593666571278647837e+01
7.210069679441254209e+01
7.234276491276146714e+01
6.963338496964885849e+01
7.188891617654408606e+01
7.301328330818030565e+01
6.096416337491872639e+01
7.310804505852141233e+01
7.268004365131821487e+01
7.724083549994350051e+01
7.084126894982532008e+01
6.599435049902471917e+01
7.930331230954051591e+01
7.292308756495525301e+01
6.640553198037439131e+01
7.255912937738607127e+01
6.791969102890689669e+01
6.669676225834885486e+01
6.867886009194364760e+01
6.591590681507544502e+01
6.954403079919734409e+01
8.579854744403775157e+01
9.036020235711053772e+01
8.156405126384268556e+01
7.550850005859649627e+01
6.705499283770707564e+01
7.565865480941998555e+01
7.157116636646824759e+01
7.675119817490293883e+01
6.637431248051835553e+01
8.710472804428044924e+01
6.835306538963820344e+01
1.064642032824841351e+02
6.554690759930370803e+01
6.632615209479573082e+01
6.881290485231110665e+01
7.718862298167820768e+01
7.232845052028213217e+01
8.118315993256189245e+01
7.017070180987789740e+01
6.739256043682196662e+01
5.486962341013415312e+01
6.928423671807263418e+01
7.410063048791096207e+01
7.823292305172466854e+01
6.721839359103037737e+01
6.661530044123904304e+01
6.789219788794032695e+01
8.587439757100722204e+01
6.634126440508579492e+01
7.803890491242954397e+01
6.771970788411157116e+01
6.785857575257443841e+01
6.588959194085244064e+01
7.010667621131783278e+01
6.365861481236391484e+01
7.904404072430779138e+01
6.875908123947399986e+01
7.014048170151784234e+01
6.865912263621129341e+01
7.228856056277396647e+01
7.192229009166126730e+01
6.020097101281562146e+01
5.835252556976897864e+01
7.805925897243024281e+01
7.246324848850345290e+01
7.858052809550949291e+01
6.981627106337121802e+01
6.639122138142286644e+01
6.957746318042747191e+01
6.187209196914058396e+01
6.700313270199347926e+01
8.026257580570641892e+01
7.849830093216088756e+01
7.374504952540716829e+01
6.907506547089330695e+01
6.652355396510752428e+01
8.210453969710660260e+01
7.311960389502355895e+01
6.305010963124757950e+01
7.336669556150879146e+01
7.295334749844666078e+01
6.235748977596546894e+01
8.968080351674505835e+01
7.332647258458830208e+01
1.051832654054013716e+02
6.525300616049567282e+01
7.202725679027138028e+01
7.551354359804078342e+01
7.953200656426405146e+01
8.479008039993225054e+01
6.879795039905776832e+01
6.337803106658164864e+01
6.402652841949807794e+01
6.621269387937060458e+01
9.882830197963329510e+01
9.471392507871189537e+01
6.456991569566990563e+01
6.905512734173427702e+01
6.819280594859532130e+01
6.529786483814027065e+01
6.865413039190403310e+01
8.555518103882002379e+01
6.816682520718491389e+01
7.346660908170554194e+01
5.898918066983751629e+01
7.706655341561778982e+01
7.108988194430988017e+01
7.462975724271244360e+01
7.075912076456978639e+01
6.415813361523007075e+01
6.909913456998384618e+01
6.824102618966053058e+01
6.919484243952372537e+01
6.808119205565606080e+01
7.830777098945695514e+01
7.755152986452628738e+01
6.967408844205812102e+01
6.561236710186997811e+01
1.047959263370239142e+02
6.397367654965502481e+01
7.007055243316916915e+01
6.653247159019635149e+01
7.308687157461234563e+01
7.437617661655195889e+01
6.564882039788760437e+01
6.988812288914486714e+01
7.293914099065614209e+01
6.669298603683770921e+01
6.932075923062882339e+01
6.848907526560229542e+01
5.523100992103699269e+01
5.989999281674924703e+01
7.073280109444269215e+01
6.614828342582401888e+01
6.877103371989097980e+01
6.854098704767399397e+01
8.187868943102380115e+01
6.774046299760242107e+01
6.582565258209235992e+01
7.189468906002521464e+01
7.170949870105951618e+01
6.520586405146882214e+01
6.780954749070917842e+01
6.929479292018926628e+01
7.140390544399332384e+01
7.675019018455643049e+01
6.972083329780174665e+01
7.389168697937130048e+01
6.968225936704317292e+01
6.751047103975251673e+01
6.307529895136256926e+01
7.019636619671778988e+01
1.014307905472436744e+02
7.846795307304196854e+01
6.725633079809624348e+01
6.642865628216745222e+01
6.971832413029736131e+01
6.869862873590881236e+01
7.046619379150622819e+01
7.922437308799857192e+01
9.862305417973229282e+01
6.880320802369577393e+01
6.709334740332133151e+01
7.330104900129430234e+01
8.921941026010883036e+01
6.926986075112004926e+01
7.895162936780531027e+01
7.830534005529976582e+01
9.043745817497796224e+01
9.450349262176833065e+01
7.813117869842157859e+01
6.562789853558246023e+01
6.531551415165907315e+01
7.152061387900940304e+01
6.615858725682137731e+01
6.036051500808648029e+01
7.294287107266688963e+01
6.713415284896797175e+01
7.677095219897299216e+01
7.322850084836674966e+01
7.711449060620211071e+01
9.422846944086164456e+01
7.450288834535358262e+01
6.668745798214258969e+01
6.591088079103697339e+01
1.067708631086245532e+02
6.786869223951110541e+01
1.028429561509729524e+02
6.289662864981693247e+01
6.747597979900439213e+01
1.058156706884006866e+02
7.284400171121038170e+01
6.285833845700518907e+01
6.942883536735648420e+01
6.733051451311904145e+01
7.688294954500184986e+01
6.776199068455962049e+01
6.773661920915436951e+01
9.886456761442923380e+01
6.576184161553246099e+01
6.612477934468402907e+01
6.834472078043091869e+01
6.611034386904161408e+01
6.569247648917891524e+01
7.386547040291218025e+01
6.621713067452773771e+01
6.660920550907933091e+01
8.531846438724558368e+01
8.238251226167503205e+01
7.137425495451364554e+01
7.626785913276516737e+01
6.659035934031395243e+01
7.152710735803886166e+01
7.583777160155254649e+01
1.032497831304559810e+02
8.764930845022455230e+01
7.446335385387429540e+01
7.701029678733361550e+01
6.766095060475193179e+01
7.549754727588195635e+01
6.322911431447324304e+01
6.916039111026412911e+01
7.550177979679770601e+01
8.469758266145784376e+01
7.153316816605482131e+01
6.868932260732661632e+01
7.258055724694951039e+01
6.314534182675578222e+01
6.645535151147009856e+01
5.822254073983238953e+01
6.747577909008414565e+01
6.633735644234224083e+01
7.520422607622887767e+01
6.468417761244771214e+01
7.067992794961965330e+01
7.851757636375967309e+01
7.100061211495881253e+01
6.597613759380537601e+01
6.693357151749032141e+01
7.214185004627320552e+01
8.322257030874348516e+01
7.077525948569548575e+01
7.373506321887947479e+01
7.410011369814209559e+01
6.809190984475588948e+01
6.843353504071340865e+01
6.803702779411837298e+01
6.649938705187499011e+01
7.399766053081397388e+01
7.291899461038555330e+01
6.840503060620419262e+01
7.415153473000357565e+01
7.149780863401814202e+01
7.266445539195093772e+01
7.472028454119558205e+01
7.105478575041956901e+01
6.509179750724017310e+01
6.815502001376128760e+01
5.809794925058962178e+01
6.767788647330230845e+01
7.438906521263879768e+01
6.284428416847541854e+01
6.277404270319372159e+01
7.355732145351656470e+01
6.337080316303109129e+01
6.799768929576254095e+01
6.598328246240303940e+01
7.396661641645491159e+01
7.019172261564744986e+01
7.604624361105365438e+01
7.154140508291476408e+01
7.408606438099511138e+01
7.239151807253561799e+01
6.810513327474082246e+01
5.979630621101024701e+01
6.296217969328216668e+01
7.867176115087829658e+01
6.684146610739563243e+01
8.008480094425895857e+01
9.381879466081005603e+01
6.662776507147549410e+01
6.800052630014491228e+01
6.311480912364864082e+01
8.485055982466126068e+01
6.827023767628703865e+01
7.233980924541197055e+01
7.418483461260045431e+01
6.193780957562679390e+01
7.356975163534558249e+01
6.715771993844272458e+01
9.684893685947793074e+01
7.034486615305458201e+01
8.481664058593968036e+01
7.108005824072765222e+01
7.473728998250250299e+01
8.102460419089230470e+01
8.363251697821765163e+01
6.550380524151191253e+01
6.756114201725583257e+01
6.360117687817253795e+01
6.661104916409648524e+01
1.064780100700165804e+02
6.648282883519223674e+01
9.979133785361607067e+01
6.947555504387615599e+01
9.447457555929392470e+01
6.688617627051873171e+01
6.298561521959284448e+01
6.957888534483612375e+01
7.013813516512635715e+01
6.654729762132055271e+01
8.260279606817607601e+01
7.594518838017502560e+01
9.382553412337102827e+01
6.211870898127412488e+01
8.972658432538588613e+01
6.758901845996027191e+01
6.656712396057088199e+01
7.039195620925136154e+01
6.099083416251556855e+01
7.783054433782676540e+01
6.704086795604423799e+01
6.962481848456938849e+01
7.873815431804253251e+01
8.434529268633080790e+01
7.838130461324658427e+01
9.654686359260816175e+01
7.517948531710993620e+01
7.434296829003911000e+01
6.809549900563865776e+01
1.047958169830587707e+02
6.573937942660884914e+01
5.245926549487311519e+01
6.388074536821540050e+01
6.972577113228091150e+01
7.029383633305376122e+01
6.362303127363872335e+01
6.742462973378839308e+01
6.747236934893997784e+01
6.752984378714639035e+01
7.123084880780662331e+01
6.945603521051909013e+01
7.916899334897667018e+01
6.325760665415269557e+01
6.835541130880162086e+01
6.117011070419200536e+01
6.865897066176846408e+01
6.856258297508682631e+01
6.598058595190802578e+01
1.057615757488154173e+02
6.434499874263153174e+01
7.356823325888228737e+01
7.159530995038809920e+01
8.078023587929607174e+01
6.749664268703998005e+01
7.666260358828822064e+01
6.960855686942585407e+01
7.617100845248090479e+01
6.165838967500147305e+01
6.761675486976989191e+01
6.580265251422022743e+01
6.746754160401229683e+01
8.377722013088555286e+01
7.265414186763302951e+01
6.532949987706793138e+01
7.709835705563470754e+01
6.655189945525111739e+01
7.143159247145534607e+01
6.948673615221484567e+01
6.970389422757884290e+01
7.555094058892566977e+01
6.827198282965764520e+01
8.484826619185027141e+01
6.842333281906314824e+01
6.489568575593905564e+01
7.055885533961898659e+01
6.696687791406301926e+01
6.770713141924095169e+01
7.369802428131345096e+01
6.923995165520982198e+01
7.611896188975920552e+01
9.840037620057444201e+01
7.453404732097003205e+01
7.170524319905507582e+01
6.866885367977657495e+01
7.661349857728848178e+01
7.186834123568227994e+01
7.683447440465639033e+01
6.453051170778736889e+01
6.655195488873445697e+01
8.016058180957581669e+01
7.173938380683905791e+01
6.806555885197219880e+01
6.246502464662736287e+01
7.053273205482355479e+01
6.960892347549099668e+01
5.918992773674578700e+01
6.648211422272683535e+01
7.492619566557343092e+01
6.603030644969155105e+01
6.666976062359158561e+01
6.974394191223831285e+01
8.849836470695045421e+01
7.272560912344333417e+01
6.837364393031674581e+01
6.876095129177363674e+01
8.392185889826779999e+01
6.852581900146292071e+01
6.460963972670313638e+01
8.630489037564576904e+01
7.620959701354409788e+01
9.792929173659085507e+01
6.662556005272796256e+01
7.610668138446973785e+01
7.238738316602280065e+01
7.320616715446422518e+01
1.009676560505164105e+02
8.871379867663583241e+01
8.051132117979815916e+01
5.005580338563208187e+01
7.052438112111656210e+01
6.901417359756101177e+01
7.748069648418324107e+01
9.211607754811272741e+01
8.493193909544011433e+01
6.832438446390229103e+01
6.995372725342204490e+01
6.761095976827529341e+01
6.354461770835025192e+01
7.659690149434774753e+01
8.504612213764572459e+01
7.099597211012739706e+01
9.073442657247100840e+01
6.523538156603804339e+01
6.740090855528002578e+01
6.765077062242994543e+01
7.091342600092831105e+01
7.273358779817883146e+01
6.643902088457741684e+01
1.091860153093631283e+02
6.934726883785724283e+01
6.886901968051439837e+01
7.884829817946126695e+01
8.545322377488506049e+01
8.283511908398135404e+01
9.603285590488944479e+01
6.642462955532410263e+01
1.018255908035653619e+02
9.424038240952630474e+01
6.683677571975648846e+01
8.560894824461992414e+01
6.552331155200631940e+01
7.012144723030502291e+01
7.012495455269534261e+01
8.028598948122083812e+01
6.828497079490433919e+01
7.583723203202383445e+01
6.719764957111108572e+01
7.606488623216985445e+01
5.738055491959102028e+01
6.993728881546195453e+01
6.866868973940096055e+01
6.921872791554386595e+01
6.198258905125083373e+01
6.867761947373894316e+01
7.770017494681447090e+01
6.484929120140465386e+01
7.107804457034529833e+01
6.661893555181141835e+01
7.452102379303627799e+01
6.996485648753474607e+01
9.436605054342378196e+01
9.599846898303184162e+01
6.605472892392742779e+01
1.003470868961297384e+02
7.210458823982948218e+01
6.699368439262735819e+01
6.661875438638959679e+01
6.647804014065373224e+01
6.037803929690299753e+01
7.277085768690136547e+01
6.499006321604468894e+01
6.585499291863139604e+01
7.676009302777163157e+01
6.430325661297443673e+01
7.358994373202928330e+01
6.673463485277967777e+01
6.895948457369013340e+01
6.793527120478530890e+01
6.363993381766614021e+01
9.105579740672217781e+01
6.756945195007706673e+01
6.696523898969641664e+01
7.260022668006600099e+01
7.900464307317329826e+01
8.533710072649819267e+01
7.013765620046827109e+01
7.606695081989408891e+01
7.357873380283258768e+01
6.188227617902211364e+01
7.318698001896558480e+01
7.206658888294377618e+01
7.024151919437706226e+01
7.156633269127519270e+01
6.699433509164730083e+01
6.752798941876274341e+01
6.398599164744270240e+01
6.663463851779232527e+01
6.799264013162054709e+01
1.037613834434229005e+02
6.662615594811397557e+01
8.458256985538058359e+01
6.297626031801247848e+01
7.337886957392647957e+01
6.688556470791179720e+01
6.771857195837311849e+01
7.037595192214442363e+01
6.600512527255661155e+01
7.389211671161463357e+01
7.021552383913305562e+01
6.294884195591235709e+01
7.314414314846432319e+01
6.803821872488779832e+01
8.881920795690987802e+01
7.079865942637330534e+01
6.912025083152984450e+01
7.186946417274265286e+01
6.084485364652023520e+01
7.506915323493913661e+01
1.041075405688742279e+02
8.158095152207853573e+01
6.806986214220094666e+01
6.497653151003534333e+01
6.878602138521404186e+01
6.673915123941763738e+01
6.889672791872339985e+01
6.898767866205639621e+01
7.800858489619992042e+01
7.624093530727729728e+01
9.583193136573605386e+01
8.469195070304843398e+01
6.720147378278338124e+01
6.716025941372706143e+01
6.804906119872596548e+01
7.146920705855841049e+01
9.461458906189568552e+01
8.390656021175144019e+01
6.961664831184657487e+01
7.741328445746442810e+01
7.634890633597581200e+01
6.892788962013371190e+01
7.445669902845332899e+01
7.177036614055477060e+01
8.292171221932537151e+01
6.657697603534461450e+01
7.518411516337532419e+01
6.683329046649981819e+01
7.672731528237694931e+01
7.633268745158751756e+01
8.163951360515908107e+01
6.917663142626403783e+01
7.515218309616426495e+01
1.013791105384760272e+02
6.937544306992742804e+01
7.773065940248916661e+01
7.835908905113083733e+01
6.759203232020304597e+01
7.442884718819350098e+01
7.010425287538566863e+01
7.224226205089786390e+01
6.737828647347980393e+01
7.595178476129645162e+01
7.009342314808732510e+01
8.347963148531673028e+01
6.171312002733402835e+01
6.246668609246081871e+01
9.384251754965015380e+01
6.921308839228771603e+01
8.194233427747190035e+01
6.840819595510403417e+01
5.948882133258005211e+01
6.359186766586900319e+01
6.568410979714481357e+01
6.655419783688910229e+01
6.524018023336178373e+01
8.016039257738945878e+01
6.381737250773988990e+01
7.604592380348910297e+01
8.086771469067220153e+01
6.617440873916686428e+01
7.235720249048455344e+01
7.478992166438287370e+01
6.716395945538988599e+01
6.879842432458610801e+01
7.004388482119702530e+01
6.902127260303069534e+01
5.923839434964253314e+01
6.982702710543402702e+01
6.734355192514350108e+01
8.499649622987746511e+01
7.941613690199334030e+01
8.305187551067929519e+01
8.537385111591899545e+01
9.999174188030346500e+01
6.909360610301860106e+01
6.759950771586581197e+01
6.761733349604143939e+01
5.638820369480992412e+01
6.780813973598729660e+01
7.208466200125513978e+01
7.338546524617069622e+01
1.007808629411450028e+02
6.633730772953336441e+01
5.482975723995237871e+01
6.905036024870294398e+01
5.590960008786881019e+01
7.192799107911378087e+01
6.880626932063051981e+01
1.086641812382435717e+02
5.860559842286748022e+01
6.675569598081231959e+01
6.735947487194079031e+01
6.781786624211835601e+01
1.055473742826456487e+02
8.709345912106837773e+01
7.484589686410762965e+01
9.389099559559697639e+01
6.587130978483247645e+01
8.550841829609630906e+01
6.821592901663237285e+01
7.679439226596601031e+01
5.616060296744596059e+01
7.282773472043386676e+01
7.484281073575573373e+01
6.692580024049455290e+01
9.279578211259256193e+01
7.161371176548992423e+01
7.948228440253024019e+01
1.046950965086158476e+02
6.712933537106744097e+01
6.540688615627377089e+01
7.088851759071894776e+01
7.312636136095137829e+01
6.424114148426049553e+01
6.776293969277841711e+01
6.906724071415938226e+01
9.533022338208901658e+01
6.729984802372322861e+01
6.929272872630032509e+01
6.915423639382711940e+01
1.017583943633950696e+02
9.213992728804247179e+01
6.995615082240149718e+01
6.919184013797595867e+01
6.725726956935820056e+01
6.187003525188001163e+01
6.660842294374523931e+01
8.107908864651311376e+01
6.949243621760639655e+01
6.889606691675885486e+01
6.763388251789061201e+01
6.209370507279621165e+01
9.738328833068317181e+01
6.642706814615996791e+01
7.959339502113448361e+01
7.438614984604633662e+01
8.715118376952595725e+01
8.707252832081130123e+01
9.567446715730427798e+01
7.451524862610652633e+01
8.519846631836477968e+01
9.947015287719257515e+01
6.786265957981214569e+01
6.570015572628034306e+01
7.021380246104611444e+01
6.656701013500416764e+01
6.508817524588725689e+01
6.748815265266432561e+01
5.644202980253815127e+01
7.155619721199869332e+01
6.930658485433475846e+01
6.636889834397270249e+01
6.848868789534981261e+01
7.033397791900983975e+01
7.064972154037803875e+01
6.446426135882630604e+01
6.706651927378251798e+01
6.675543842954674290e+01
6.830123292755503428e+01
6.573387299452025445e+01
6.798896124867903268e+01
6.989109743887962622e+01
6.892503168624111254e+01
6.806787237420699910e+01
8.288031006859714012e+01
6.555060702607984524e+01
6.416895696272636940e+01
6.846440620757608997e+01
7.068352821024275556e+01
7.602040811568832623e+01
6.485974436799384080e+01
6.794125067856030853e+01
7.239387677663890486e+01
6.626881124546601143e+01
6.967384853279729384e+01
7.558206964113878712e+01
5.030113766631117755e+01
6.501360702981602913e+01
6.903559262173077116e+01
8.452837215158433537e+01
7.202506457550096286e+01
6.795100339556219637e+01
6.948309532965872393e+01
8.179725455761526121e+01
5.870103991464372228e+01
6.198469994770251645e+01
6.049381507191693430e+01
7.410700650132068290e+01
7.686581706447516638e+01
7.288851631436813250e+01
6.220357822983198304e+01
6.653642295664197093e+01
6.509990844415295896e+01
6.652981394230039314e+01
6.942780235663572341e+01
6.530392207653665082e+01
6.277652139581473278e+01
6.221006139530253876e+01
7.728730627272581444e+01
6.877540929821994098e+01
8.640094544497480911e+01
8.863089187921583800e+01
7.980206457778838569e+01
6.637003932696383401e+01
6.676030904805924138e+01
6.974001435130824689e+01
6.605461444422468276e+01
7.404097814567829516e+01
6.665974711377123185e+01
6.778574726829928920e+01
6.650711403628547203e+01
6.342103239382552715e+01
6.827756429252984560e+01
6.649085657192034660e+01
6.649476548373402807e+01
6.816225208372877375e+01
6.937205457300514411e+01
6.501592695696693625e+01
6.656118243542323398e+01
6.922798609119493563e+01
5.957495546377364803e+01
6.792183839807856316e+01
6.415856014926555417e+01
6.676483429659995750e+01
6.867721615477086061e+01
9.563828320228861912e+01
6.639758929287657452e+01
9.353046829747255231e+01
7.309878525191763288e+01
6.755938431465051508e+01
6.628649110456869664e+01
8.369455229641063454e+01
7.288401435121130589e+01
6.506487320353090809e+01
5.333869760388319037e+01
6.614663561479103748e+01
6.383558183414406528e+01
8.756211602883050205e+01
6.428254302913127560e+01
7.855600156010849844e+01
6.868238092659021277e+01
6.921092598292788978e+01
6.355502196244264468e+01
7.770932731751210554e+01
6.681004531328083829e+01
6.705035155363199806e+01
5.452536067681018750e+01
7.985642035261022897e+01
6.838140262173584460e+01
6.443479682184457147e+01
6.870331985363489480e+01
7.250122613381626024e+01
6.547932237172095427e+01
6.761093686977450545e+01
6.531288223855152353e+01
6.328487914753110744e+01
5.258042657885252424e+01
5.942238053787185947e+01
7.625118037997806653e+01
7.358371327223299829e+01
9.911645059636460076e+01
8.840959243851510507e+01
7.206276877215496768e+01
6.174024523042324120e+01
6.680701875611696039e+01
7.333553622725240473e+01
7.000811322384892321e+01
9.615557590232496921e+01
6.639876176097314442e+01
6.796562907021655064e+01
9.171040785305366683e+01
7.258433683125673497e+01
6.734898699053664473e+01
6.896932514835665984e+01
6.641706584388094825e+01
6.859054897022600983e+01
6.432904427191274976e+01
8.658798600262386458e+01
6.743846676683041608e+01
7.100043356424862395e+01
6.694621315273471396e+01
7.593560798386448596e+01
7.729593061297605061e+01
6.645268965876552159e+01
6.386261778016728385e+01
6.574925660646479741e+01
6.997716409340736732e+01
1.032195231682299692e+02
6.625892819278605828e+01
6.961515374326320682e+01
6.636868802710806392e+01
7.917964981378155187e+01
7.749340306575109594e+01
6.769368783991097871e+01
6.244901105058008284e+01
7.080081135264684633e+01
7.311144477108956607e+01
6.931362556305839462e+01
6.690926726984098138e+01
7.163903127557290418e+01
8.233252671761357533e+01
6.601461463635580174e+01
6.074520793230887250e+01
6.935391256417669581e+01
7.059257582565400924e+01
8.625096981489703296e+01
9.259479558251085507e+01
7.009821145852103541e+01
6.288589561151031404e+01
6.748842990760589089e+01
8.967786058536543692e+01
6.318092123203101806e+01
7.496782634846803717e+01
7.198513295244907795e+01
7.636761593884855870e+01
6.906033665669409061e+01
7.385188097684036279e+01
6.612762761291573099e+01
8.093309491872898320e+01
7.693909520400254110e+01
6.998174425081366223e+01
9.109746960652152836e+01
8.401949972335688699e+01
9.325293490401148233e+01
7.058488784330683075e+01
8.630848918687695459e+01
7.076049480527278490e+01
6.679938611124802605e+01
8.616562706710124075e+01
6.846076073409723506e+01
8.056606567926843354e+01
7.096227364956311590e+01
7.945389405471799193e+01
6.643489960376135173e+01
6.822429270480949981e+01
6.651479060935243126e+01
7.940968616388339285e+01
6.375395122574363427e+01
6.724653311053626226e+01
7.077351441974187196e+01
7.007849426456672859e+01
7.507759701843460221e+01
6.461994853734745448e+01
6.883697275167510554e+01
6.761693577178903070e+01
6.624031825806365248e+01
6.633703048434352922e+01
6.680468483578233929e+01
8.017537643054485841e+01
8.297914984004731309e+01
6.987155305743927158e+01
7.444769344523722054e+01
6.690498971145416363e+01
6.987109450775173514e+01
6.874477785452467060e+01
7.687592486589129237e+01
7.233354541097520496e+01
7.011481202254114464e+01
9.419570686161495132e+01
6.589144524241457646e+01
7.468796216083892148e+01
8.507777310160662410e+01
6.539403459915155281e+01
7.213896124172136126e+01
6.932617858966064261e+01
7.225859236157147336e+01
6.830250040253842769e+01
7.514220417376411376e+01
8.130379183977586877e+01
7.188321551685925215e+01
6.742664748857372103e+01
6.516923712671798796e+01
6.887291109005967371e+01
6.914042810418422391e+01
6.756955776970168870e+01
8.433385534261103089e+01
6.602543789640257899e+01
6.553688457584509308e+01
7.964460632310358790e+01
6.191190048910396371e+01
7.648654619485085959e+01
6.754092987466339082e+01
7.565913482865829565e+01
7.264700929444470034e+01
6.950989950758875580e+01
7.553961321807005902e+01
6.425438078024640731e+01
7.466598753472365502e+01
6.871379004198988127e+01
6.928309642301191218e+01
1.040769723490107737e+02
7.584133307358108311e+01
7.724638546077396484e+01
7.282342917137258098e+01
7.852955516530849422e+01
6.888322378462514450e+01
8.625697056673250529e+01
7.233426226988622432e+01
7.199440659778066731e+01
6.859285745067899143e+01
6.534853075011697854e+01
6.282925047566242682e+01
9.460629359671175109e+01
6.057580843381199287e+01
8.373109448293205048e+01
6.431235081444161494e+01
8.717106115680819300e+01
6.877515864574208138e+01
7.906248629158686470e+01
6.177863260503944076e+01
6.790168587042713000e+01
9.591274688976628227e+01
9.016248858957671075e+01
6.642040899474768878e+01
6.903609931144100642e+01
7.759649827929183630e+01
9.546723293346067862e+01
6.715926421616828179e+01
6.659694656418821523e+01
6.845045503164047318e+01
7.061501306827372559e+01
6.764733365571113666e+01
8.068530486991778616e+01
7.612748733919814015e+01
6.772529251505068260e+01
6.421040248734740885e+01
1.052226678924944423e+02
6.992116901766253534e+01
6.448728435469122644e+01
7.251141902999374622e+01
9.409369728191821025e+01
6.986517106303142555e+01
7.235319998583636902e+01
9.066616999809097877e+01
6.437932117118684516e+01
7.143373138629559094e+01
6.816707763774977025e+01
7.948696399299730331e+01
6.640530567900015058e+01
7.955162998158645848e+01
6.767469559172258187e+01
4.402297444302004692e+01
6.307199537522256350e+01
6.642430814376982084e+01
7.904138948620538940e+01
7.018485861525341818e+01
6.938511185437788242e+01
6.390343136630505683e+01
7.387451139295214375e+01
9.295453258708741373e+01
6.414740276486659809e+01
7.835291898172150127e+01
6.622790855467496840e+01
6.546545883470010097e+01
6.647912041103262482e+01
7.052561608733061860e+01
6.893681044058068608e+01
6.837094226359656091e+01
8.325059667053795920e+01
7.378936989409112357e+01
7.456391297956417930e+01
6.184383967572024687e+01
7.180071096751353821e+01
7.219644617518218865e+01
7.323173485728952414e+01
6.757528997976254459e+01
9.657103626175859290e+01
7.490636394567259515e+01
7.782772812372320459e+01
8.084743043641410054e+01
7.519677555130199664e+01
6.942518549689926033e+01
5.211264532133642291e+01
6.855363913178153723e+01
6.628979736569532122e+01
6.860951031304962555e+01
8.560570270800380399e+01
6.518188177069383471e+01
6.563647797388874494e+01
6.748322586135795120e+01
7.095526133529723722e+01
6.900770923310480498e+01
9.238570170967197726e+01
7.464354828298178290e+01
6.467934133270736652e+01
6.624921543163502236e+01
8.089319215792387752e+01
6.959233303483046029e+01
6.332447650733133315e+01
7.678366727838279360e+01
6.602648778828638854e+01
6.598992297694780973e+01
7.308212819928118620e+01
6.308480613029269080e+01
6.779667554852487399e+01
7.208692224436157403e+01
7.607325635882303061e+01
6.746255991352184367e+01
6.807595510172357933e+01
6.942239454023760459e+01
6.586143136832482980e+01
7.865013531448325068e+01
7.411787785243485871e+01
7.353948227761046041e+01
6.587567653401356438e+01
6.639036166170356523e+01
8.178084133535635658e+01
6.634278602320377161e+01
7.918830291990215642e+01
6.532827954282363692e+01
6.936986722210107814e+01
8.657024626728045291e+01
7.124774393591687272e+01
6.708153785250623002e+01
6.943240148892751051e+01
7.058089299472824507e+01
7.993819010384351031e+01
6.478366316314264850e+01
9.355173271214698616e+01
6.213843224159552392e+01
6.975525314027356671e+01
7.821677994525272481e+01
7.949861931237536794e+01
7.867837528399570601e+01
6.233683845907199839e+01
6.652721868724350429e+01
6.750190726210935566e+01
6.702411646649363774e+01
7.462026483445507097e+01
6.870276701824698762e+01
6.354187231145178316e+01
5.564467729003404628e+01
6.630312210593812949e+01
8.916188598383848785e+01
7.215367077027593723e+01
6.267231519555020469e+01
7.054064992535283807e+01
8.616183496829344790e+01
7.368863461808311399e+01
7.376278079538801080e+01
7.107734342935037830e+01
6.663053790455499836e+01
6.980457697508781223e+01
6.990531911452049485e+01
6.905680567105383716e+01
7.060904975993541655e+01
7.305189691801993490e+01
7.794482084950053036e+01
6.869345486008245416e+01
6.889718987669330375e+01
9.757685148043796630e+01
9.376702271692971635e+01
7.135610154170171882e+01
7.055718574683349686e+01
7.536784865167068403e+01
6.894686902030933595e+01
6.934772471323202581e+01
5.935008895058780354e+01
6.267555011097503836e+01
7.943398872139015054e+01
7.109447085555113688e+01
7.147698636980607034e+01
6.517206717827981777e+01
8.342698787421019802e+01
7.330420814315144185e+01
6.954439280900504627e+01
6.670783260315127450e+01
8.800203283233446427e+01
6.644150838272521753e+01
8.058645776754454459e+01
7.259253184603224440e+01
6.392167372915299239e+01
7.184181493610529401e+01
6.459351250519871712e+01
6.119247300516406085e+01
7.130513042383385880e+01
9.359907265309816182e+01
9.375942168403481958e+01
7.329926072486243527e+01
6.600071230555823831e+01
6.671813213331979853e+01
8.492092434950403401e+01
9.632140212526395828e+01
6.796471441185227036e+01
6.148533730201010172e+01
5.765310824913274956e+01
6.607014329296958977e+01
7.816333826879798607e+01
7.346069087460020341e+01
7.147877997626551405e+01
7.489671108036996827e+01
6.924790643325125927e+01
6.519125399398593856e+01
7.302106319562572878e+01
6.774255292610541801e+01
7.547330046137275872e+01
6.431042039053727422e+01
6.681498347211847033e+01
7.551527386499198258e+01
1.051194447398444680e+02
8.162093592267007125e+01
6.342335604570983065e+01
7.121881635779216424e+01
6.728825654928107269e+01
6.914840340405106645e+01
7.442310920078523395e+01
7.282118706724618562e+01
7.308941387463634953e+01
6.832706628994796461e+01
6.611666591422464023e+01
6.946935286834799683e+01
7.391433544350829266e+01
7.183965979920452583e+01
6.587693522509849231e+01
9.807666348053960803e+01
7.151611893296107780e+01
6.459691437907824252e+01
7.510798786049490161e+01
6.681201048052463420e+01
7.025274228939201748e+01
7.434585546580262871e+01
9.959033440904978818e+01
7.275863682284045808e+01
7.239479498235075994e+01
6.515148584613687888e+01
6.916569280400803166e+01
6.601739543923801534e+01
6.060053176884949977e+01
9.185494443928833164e+01
8.826235696638937611e+01
8.030657475472487761e+01
6.448911842371546754e+01
6.658438382688318313e+01
6.673177541441647520e+01
7.381713952752515695e+01
7.530217630346091084e+01
6.757577796333561082e+01
7.221526186851772877e+01
1.104179045342956869e+02
6.614973435941435298e+01
9.708351912006396844e+01
8.611500177366636422e+01
7.249818969469782814e+01
6.679776187831785705e+01
7.092560605223806647e+01
6.444484580125421758e+01
8.223866418238698373e+01
7.828643570927030737e+01
6.606717928137013018e+01
7.159754864419161891e+01
6.864164752985769269e+01
6.853805215064073764e+01
7.006092683564469326e+01
6.365864223777250430e+01
6.416768565504513333e+01
7.417485664057045369e+01
7.232526861525442996e+01
7.512464816216345298e+01
7.019315214223693999e+01
7.282697524752651930e+01
5.559998318606474754e+01
6.998721033213419673e+01
6.853145561288648935e+01
7.647573877979448298e+01
7.100163807991096121e+01
6.753988799704677604e+01
6.653867954307054333e+01
9.653147795347085491e+01
8.559801238114937405e+01
6.701625083498807101e+01
7.358617201638313077e+01
7.674187802433624483e+01
6.781603626406869978e+01
8.419625887754656901e+01
6.638957255435015270e+01
6.624060730924706775e+01
5.663445252024659737e+01
7.287556134249494733e+01
6.992809721679830659e+01
7.773123178020124158e+01
7.002953490280673066e+01
6.658079979519034453e+01
6.898464828691955120e+01
6.685137596843371455e+01
6.941287031169275679e+01
8.144589816662464443e+01
8.500573135670985891e+01
6.627197778858209176e+01
6.627148443886161999e+01
9.794325679409699603e+01
8.354619154840142414e+01
6.451058196302351178e+01
5.957657640378074149e+01
6.330805053474179545e+01
6.710849072597414988e+01
6.636258798802050762e+01
6.956580792003607883e+01
6.696757387031769326e+01
6.737434182726833853e+01
6.770899215066243926e+01
7.118540877000278044e+01
6.481666119394314762e+01
6.962474237553132639e+01
6.862529852274509778e+01
7.082291934910266207e+01
7.368516683215355556e+01
6.972454095470838809e+01
7.917518152933149622e+01
6.650938653894462504e+01
6.802263324321195626e+01
1.000497500939010393e+02
6.739961612410614578e+01
6.472405846878805846e+01
7.337784326754373865e+01
1.055746720707467858e+02
6.982640274390902846e+01
6.691869164144738136e+01
6.939735153596936357e+01
7.360591888245299685e+01
6.707164223072530262e+01
7.804596151226465395e+01
7.516782809967291712e+01
6.659254331673496097e+01
6.923022919814337683e+01
6.472990641554302726e+01
6.679967872286212582e+01
8.189044565982483448e+01
7.314781956727163958e+01
7.616916019945723804e+01
6.930600483781306309e+01
6.588096901661108973e+01
6.690103701341085696e+01
6.789684562908247756e+01
7.203770867445248882e+01
6.323050732345203073e+01
6.811745217244993000e+01
6.698848063950266862e+01
6.718603949197428449e+01
9.204720052885321024e+01
6.427220074866760058e+01
9.727375533921102146e+01
7.321271017567789841e+01
6.611973244751939660e+01
8.216541262915303889e+01
6.722390276133643283e+01
6.650110977171570426e+01
6.865820582104895209e+01
7.136278695645351888e+01
6.047119338287924961e+01
6.808435395414183233e+01
6.678946237020700494e+01
6.291105270347524936e+01
7.210014540328452881e+01
6.653515761190803346e+01
6.861762658429032058e+01
1.097757875621437762e+02
6.398379029793504458e+01
8.359293422870165102e+01
6.125760276032941221e+01
6.714254374101408018e+01
6.791574427493245025e+01
7.193127959902533064e+01
6.507442449825742870e+01
6.646560386389707276e+01
7.260613401936655009e+01
6.550569257440780291e+01
6.370230195453031996e+01
5.941880774510912744e+01
6.846979247712970107e+01
7.091454751952784363e+01
7.004062251628428726e+01
7.071411744441944336e+01
7.135976303712922686e+01
6.527560005419236688e+01
6.867469961089200581e+01
1.019404857322095097e+02
5.699720373292549169e+01
7.048070992677585878e+01
6.914366479183418335e+01
6.367985263610260205e+01
6.569939067246535558e+01
6.835665951470120660e+01
6.912645700872464261e+01
7.115631825195619342e+01
6.702083588967462902e+01
8.457855806719229008e+01
1.153218741065956152e+02
6.925281218790533444e+01
6.528486319408854399e+01
7.993612288765935148e+01
8.004962993070169830e+01
7.332613275452681023e+01
6.790062489830705772e+01
7.853574529052103514e+01
6.619062499969017210e+01
7.199501031674665796e+01
6.779282257613671447e+01
6.851642633859074749e+01
6.818993873421109697e+01
6.070888909738003747e+01
9.147422834277223558e+01
5.906132316749298639e+01
9.309880129115005332e+01
6.376088619894898102e+01
6.734055623150439374e+01
8.678825566471965658e+01
7.706451173081975980e+01
7.059234892718201593e+01
6.919461661744611547e+01
6.512979624824978941e+01
8.836232240439476016e+01
6.723091076666958088e+01
7.926227537007912360e+01
7.048243926019722494e+01
6.525030050091405087e+01
7.902641005758145809e+01
6.775519494324922221e+01
9.508115323063596236e+01
1.021914958721783790e+02
8.860027028363714408e+01
7.348883028450015331e+01
8.462283212794763188e+01
9.368737556588779114e+01
6.782754202882331640e+01
6.506279257638136926e+01
6.564700675943855401e+01
6.524657981546742747e+01
8.307925144766267067e+01
6.393610655232501472e+01
8.538926249893543741e+01
6.761180662825640297e+01
6.211929552533801058e+01
7.068973562206970485e+01
1.053045309969948420e+02
6.690391807754100739e+01
7.449620658806816209e+01
6.543253575736740402e+01
7.030544026142649727e+01
6.637122206985615946e+01
7.367480280290651251e+01
6.719511364028853961e+01
7.149499367758303947e+01
6.946532018061917313e+01
7.245341354485162810e+01
7.620665200363654890e+01
8.328402623905654423e+01
6.894381833337904197e+01
7.291033774372412779e+01
6.749179809495132076e+01
6.282838953111355096e+01
6.561786188885010063e+01
7.633513522557893793e+01
6.902277466599576883e+01
7.254419549442516768e+01
7.983933373753345109e+01
7.792448063855940177e+01
6.619476327899594992e+01
6.380737565929446475e+01
6.705910227589136241e+01
6.606418181250980126e+01
6.713272099734878395e+01
1.068297940965992154e+02
6.578331298790166670e+01
6.913582939192993138e+01
7.816271378657128821e+01
6.825298271858599719e+01
6.685117343631853259e+01
6.621415939815656770e+01
7.464852112617658975e+01
7.456496684011985110e+01
7.973310856541048963e+01
7.414642862976113236e+01
6.858454921082324063e+01
7.664971446352667783e+01
6.384917970421413713e+01
6.839874022913153340e+01
6.641974007048037265e+01
7.020464438944655683e+01
7.338434529596408140e+01
9.802672516695162130e+01
7.304752846337572691e+01
7.202083851762023414e+01
9.640294659486954743e+01
6.847850934410807611e+01
6.720763695910224556e+01
6.974735672995207381e+01
6.889200948980705164e+01
7.564338496794611899e+01
6.315916305300427780e+01
6.882586546557112683e+01
6.345217552618750290e+01
7.417708180741060175e+01
6.248537689774676807e+01
6.544661519211844336e+01
6.349038564793679029e+01
7.294954608243621408e+01
7.316536290461689873e+01
7.118247439307191371e+01
6.529326433945034580e+01
6.315376022565562408e+01
8.785947425294213531e+01
5.850826775095790566e+01
7.532332291803157887e+01
6.938837771483515837e+01
5.278893454001266861e+01
6.879309574905994396e+01
7.568968884138519115e+01
6.653204564274327026e+01
7.269597301529394429e+01
7.121953434860796506e+01
8.116934621377195924e+01
8.498663248089454214e+01
7.267587621476239690e+01
6.419713345532566962e+01
6.795298129048607905e+01
8.068012658544124349e+01
6.708410976486121058e+01
7.161428610641816306e+01
7.448378531993422769e+01
6.172035837047179285e+01
6.346424879272178288e+01
6.681285082399995190e+01
5.794654694969712239e+01
7.108038777323805846e+01
6.472415894840885642e+01
6.872652184254586416e+01
6.755127829331108558e+01
5.237686585700087960e+01
7.676483127622444158e+01
6.089944788414374699e+01
1.019051367361014542e+02
6.310395119204344638e+01
5.740993998264637810e+01
7.760025049548926290e+01
6.651240433274615782e+01
6.696872471975905228e+01
1.052827764624120590e+02
6.302302390048893699e+01
8.034045599035238183e+01
7.008595592426448206e+01
6.942660770196145847e+01
6.804146427216096527e+01
6.899660961766500122e+01
8.484407052490227841e+01
6.818024244087960994e+01
7.734907564098145372e+01
6.857253686250895441e+01
8.056604001946222127e+01
9.612356232262897038e+01
9.633965595312341179e+01
6.883377168524822309e+01
6.681259314902084157e+01
6.979076702968777113e+01
9.546871783521800126e+01
6.254882888948138486e+01
9.740774463444977016e+01
7.545756947804211734e+01
9.225453144314560916e+01
6.159987012631425074e+01
6.392373719385287956e+01
6.019477751087938344e+01
6.697782055998119688e+01
6.658589415129870304e+01
6.379382645035440191e+01
6.762638538258002541e+01
6.534083503012040239e+01
6.602863073855844789e+01
6.617415688840583243e+01
8.127508897715874525e+01
6.790337481391883045e+01
6.411226570296727800e+01
7.639912619613954803e+01
6.941394887420872806e+01
8.340958052318509885e+01
6.860532478454493344e+01
7.159757936919713472e+01
6.538679791457020940e+01
7.318621256295996602e+01
7.578870413215094004e+01
8.482783327676740726e+01
6.497623117346427080e+01
6.518851116815675084e+01
6.869852729666668267e+01
6.911260758013345651e+01
6.242167135531867217e+01
7.376290569239841943e+01
5.279447393665244448e+01
6.409114337698488839e+01
7.743193179431986550e+01
7.454377545901520818e+01
6.372224957821033797e+01
6.815566521816796808e+01
7.024006023197452464e+01
7.035066355839677499e+01
7.971907301237195043e+01
6.912642992047361190e+01
6.926644671415516541e+01
6.357099136008910278e+01
1.061329668197870717e+02
7.218736607625665158e+01
7.224993565481513258e+01
7.303846468157409788e+01
6.654710650294542518e+01
7.504283928102412915e+01
7.835494231595313863e+01
9.140027750990347499e+01
7.318707244711885096e+01
8.467912364258886271e+01
6.625113231154182358e+01
8.923752662082853249e+01
6.702283017119324882e+01
6.410474753671979897e+01
6.330717638338680331e+01
6.330459826579498639e+01
6.470342141762584731e+01
6.968566100267194940e+01
6.758087788506048810e+01
7.152024786531740119e+01
7.120664170675527771e+01
6.574676964249582056e+01
6.689305736463774110e+01
6.299336342593497307e+01
7.849085828943196930e+01
7.038350999275408526e+01
6.936585789369398469e+01
6.663169483843260821e+01
7.577858961684488293e+01
6.640593578607985137e+01
6.777340209171889285e+01
7.179298112595743930e+01
6.390153894937183310e+01
1.046314958384686946e+02
6.807765847635158707e+01
9.965169816119744439e+01
8.617823918724924681e+01
6.492539455146611260e+01
7.310834145220432845e+01
9.158124008354769785e+01
7.201233139845075470e+01
5.825481708007938408e+01
7.191494323256391397e+01
6.970197183347782754e+01
7.913854834936144300e+01
8.864321666339122885e+01
8.603012389227262702e+01
6.956262294420088210e+01
6.903015729187742977e+01
7.382861533197069548e+01
7.657319594621502290e+01
6.677962004644227534e+01
6.321212191050281604e+01
7.379324612724411736e+01
8.510270238219099781e+01
6.666918612837530134e+01
7.147915546449600299e+01
6.625393394808703817e+01
6.317930411036477523e+01
7.185794655860418345e+01
8.722422809811492073e+01
6.962943399950883361e+01
7.141707515596502276e+01
5.702244083749558001e+01
6.671140318395519841e+01
6.670252076235314576e+01
6.557036334077086792e+01
6.799548167183755254e+01
7.357183806027785522e+01
6.534826911478565137e+01
8.947377519778038391e+01
6.436456295098210489e+01
8.763545446722513077e+01
6.643415405582817357e+01
7.183321627130514742e+01
8.415622332348536361e+01
7.115111318135718932e+01
6.884056861196803823e+01
6.743473888173336661e+01
5.313995323602478038e+01
8.094867694545173720e+01
9.896848156161584598e+01
6.987605529171301555e+01
6.731659744653134680e+01
6.652712956992586157e+01
7.543439837145582771e+01
6.638332885749805712e+01
7.608494775508346208e+01
6.778575748898191478e+01
6.336877816667136187e+01
6.652013084405318466e+01
8.381626513550934021e+01
8.211991144642419727e+01
6.669933173273214777e+01
6.376631960043813052e+01
6.683665637619272104e+01
9.152046537723791175e+01
6.966250992340077630e+01
6.773562446258019065e+01
7.674985794688376473e+01
7.607355279345775045e+01
6.947252111290244159e+01
6.417030156099957594e+01
6.489534983880565733e+01
6.605381753004158440e+01
7.281951449480510519e+01
6.651310705113169774e+01
6.883718355769961761e+01
6.897879859641744815e+01
7.420239695772554001e+01
7.806286456736867763e+01
6.761492891023969776e+01
6.746278946348208194e+01
8.035856702286781683e+01
9.340422532263113453e+01
7.547712928148388301e+01
6.547541721561790951e+01
7.100195446955474665e+01
6.605585253301627802e+01
8.074252864981851019e+01
7.655928945275245212e+01
8.602650109190679473e+01
7.694326030633614266e+01
6.628834359969897605e+01
8.122764544585722035e+01
6.646983162818852975e+01
8.439998681299097427e+01
6.813894181415008688e+01
7.315409684191527617e+01
6.854551658075064324e+01
6.268853600179247110e+01
6.557602630870370319e+01
7.501738142752235206e+01
9.685484291664468515e+01
6.940321292353357308e+01
6.263804703902605553e+01
6.996945883729623006e+01
6.425405893200196772e+01
6.970466795200282206e+01
6.992781545800336573e+01
7.306773718019465491e+01
6.736563962260579785e+01
6.679503841788893226e+01
6.351588325423115577e+01
7.647181122432799327e+01
6.711712078943929782e+01
6.727094394248992160e+01
7.106992840375804121e+01
6.497238650978458452e+01
6.658654981128584893e+01
8.329837965181509674e+01
6.982469815089048382e+01
6.986432762850901668e+01
6.585383784558402454e+01
9.003067453425514088e+01
7.925261532242423357e+01
6.092146075929704097e+01
6.900364538187544383e+01
7.710236735228379246e+01
7.002211371613032043e+01
7.218963328548872482e+01
7.309545744732351125e+01
8.593289356690199554e+01
8.321234194831154696e+01
1.072708894040586074e+02
7.308932675037728188e+01
6.140132833538280721e+01
8.474658056414280338e+01
7.873492625535166667e+01
6.840224074905331975e+01
6.845726879148632804e+01
6.484042348724834426e+01
1.034062610947579657e+02
8.283347138943345556e+01
7.421794524915186742e+01
8.641094335679977689e+01
7.821785895354091167e+01
6.680992418180831294e+01
6.536809445343186553e+01
7.077348777537005731e+01
6.364096586252243526e+01
6.896509215681595606e+01
6.671648054105351378e+01
6.643892053711907408e+01
8.966615678643819365e+01
7.542461425209397419e+01
8.194373026853912734e+01
6.045186119336356967e+01
6.815669234706342650e+01
1.046175426438536959e+02
5.993901691880265048e+01
6.012795031655836908e+01
6.625495898238391135e+01
1.019324078069229955e+02
7.125561764912343676e+01
7.010594729315936036e+01
6.508163525794472548e+01
6.641791408588971990e+01
6.784863147567695307e+01
6.405741855063223511e+01
7.037385047866153798e+01
6.541106990830786572e+01
8.391611258029706732e+01
6.475785865187000923e+01
8.004009273189650742e+01
7.132452590706870410e+01
7.377600785889850954e+01
7.671561447451983895e+01
8.638760307868213317e+01
8.486290550359888130e+01
9.999604176482222329e+01
6.669829196486388412e+01
8.613236613455602253e+01
6.636977935425937858e+01
8.026418248938684030e+01
6.574641012926822725e+01
7.861979104611404523e+01
7.398464318341298451e+01
7.434020244784539955e+01
1.028624342341479263e+02
8.011571867330739849e+01
7.714585787613947332e+01
6.982303006985961247e+01
6.896406011734462993e+01
6.932695419981203599e+01
6.697341479257140406e+01
7.024090524024897775e+01
7.495235536339659177e+01
7.694552438441293418e+01
6.856531284694939643e+01
6.813701427042497016e+01
7.460381825381647047e+01
5.392406154655594008e+01
6.584748824773318177e+01
6.440922420973139140e+01
6.498936863236941974e+01
7.300514528379324020e+01
6.830780859816252359e+01
6.786524211362775816e+01
9.389498160098074209e+01
6.703403836315136743e+01
6.973074415881954735e+01
6.438904207064308594e+01
6.798232130743980406e+01
9.222094687326054441e+01
6.524960305441545927e+01
6.644861574123136450e+01
7.493330457965950586e+01
7.281827607748861908e+01
6.853628648657655731e+01
7.931410158649026698e+01
8.307212169416054337e+01
7.827621727630447879e+01
6.935024300128824848e+01
7.273710125270265792e+01
6.430063464255935912e+01
8.084814715276391439e+01
6.847405012917359102e+01
6.508960820040073258e+01
8.272161556549728800e+01
9.380811033570950030e+01
8.810957200315026228e+01
8.082510740961240003e+01
9.494451292895766414e+01
7.327616682933724235e+01
8.799099669029216386e+01
7.910139129807407699e+01
7.064314500004199715e+01
6.939128131369939467e+01
6.923483590600547188e+01
9.081089841967133225e+01
6.260770685446431827e+01
7.299369357541095837e+01
6.163861211413738772e+01
6.903527413653402789e+01
6.275794701882071536e+01
8.412755181237722013e+01
7.771192217642339983e+01
7.035249024852028299e+01
6.574215136811518789e+01
1.029005912334540653e+02
6.993003314713257623e+01
6.998306001379702934e+01
7.787992393711860473e+01
6.514046093444109431e+01
6.639376113957573011e+01
6.680128278195603286e+01
6.842641273287263459e+01
6.574577571726530323e+01
5.406828638374841489e+01
7.143994101763139781e+01
7.312276094411036809e+01
8.827237380476874762e+01
7.291884255126542769e+01
6.988791631712976482e+01
6.886341390380714245e+01
7.129187410849361584e+01
7.790372543977494502e+01
6.421274018942179396e+01
7.427987128107605486e+01
9.479487226978855574e+01
6.819539771834747910e+01
6.936057832607923501e+01
7.606816844161227209e+01
6.559338128837113402e+01
8.480475181683988239e+01
8.349508298607386791e+01
6.578433129268564983e+01
7.800210201823057332e+01
8.104449071316378195e+01
6.098773144447277161e+01
6.659486570471767664e+01
6.909085610301983138e+01
7.504066242858033320e+01
6.251232725254245537e+01
6.927546812520780861e+01
7.009202987047943623e+01
6.930838800842747105e+01
8.413869126752311445e+01
8.026102682153475598e+01
6.924252134628133604e+01
8.269549430308782689e+01
6.614849165941126330e+01
6.824427464507358820e+01
6.646060833164962389e+01
6.359661264818564064e+01
8.503533040341787341e+01
7.699725864568111433e+01
6.447967228538369966e+01
7.323533943687526460e+01
7.504822719034523004e+01
7.101481292012097413e+01
7.631166544208609537e+01
6.461583162277088377e+01
6.890105063874922564e+01
6.403088242302399635e+01
6.736876391696296196e+01
7.549851286768631553e+01
7.348729201289202706e+01
7.760947858591562465e+01
7.337460387957013097e+01
7.028625537403399903e+01
7.372527180494519428e+01
6.284981529847528492e+01
6.848026640968454615e+01
6.835255636827206160e+01
6.467147560115157034e+01
6.607356519304123310e+01
7.483866815650601723e+01
7.624013895788054640e+01
9.804353687319350286e+01
8.564328460568813739e+01
6.607264248460205636e+01
6.663029092456008584e+01
6.747466970148349219e+01
6.713725739211982102e+01
7.255432074644252793e+01
6.291131666844860604e+01
7.147160842822762561e+01
7.340524539839636020e+01
6.133105612830144082e+01
6.679205779354771266e+01
6.625570590201307652e+01
8.152475312680876129e+01
6.526188825127148618e+01
5.354263291912196365e+01
6.775486927008363125e+01
7.611998236944262430e+01
6.734420716525464456e+01
6.658829227489320601e+01
6.344568992052435163e+01
6.167615185573017555e+01
6.716748189723517726e+01
7.792714160498111653e+01
6.706655051399275180e+01
6.934158867073170995e+01
7.089032017857927315e+01
6.772177185665302090e+01
6.780105528633680478e+01
7.271895287822061960e+01
6.656294674213916096e+01
8.480988956259405143e+01
8.477260031605590029e+01
6.876560715895728038e+01
6.837893526149919410e+01
7.790160019211656106e+01
6.498495945026652976e+01
6.479016038059501170e+01
7.530241281460909875e+01
6.609000938970788752e+01
6.768292947754343913e+01
6.955280370125235834e+01
7.451717528272550339e+01
9.678261901358085595e+01
9.701804488146737526e+01
7.444992217933669565e+01
6.909483758168711631e+01
6.824554093220632467e+01
6.915135354759810582e+01
6.485602623790249766e+01
6.767262921010403431e+01
6.678753965978431495e+01
6.856535191077364289e+01
6.749862208508481842e+01
5.395918316630571354e+01
7.794975197899374564e+01
6.096088492521644042e+01
7.773475818837850682e+01
8.039140564344266693e+01
7.085341017645876605e+01
6.471041493417438062e+01
7.436843654132346160e+01
6.479221399098960887e+01
9.559920752395279919e+01
7.250756697730346900e+01
7.240604592200281786e+01
7.424470000286235916e+01
5.933042984463818215e+01
7.745464956831442294e+01
6.974085588934715929e+01
6.829947113294562655e+01
8.492967874175697318e+01
6.500918367676349874e+01
7.269002458435558367e+01
1.014186010842971086e+02
7.419128060989513074e+01
6.606260717370324187e+01
6.949575530706937343e+01
7.322691463538862422e+01
6.707690968386462771e+01
6.818230829859130893e+01
6.755491389820551262e+01
8.885985279415918114e+01
6.593419507948964053e+01
6.814106323867555659e+01
6.924815716187816861e+01
6.770431824683426214e+01
6.247160537431030036e+01
6.636211364840536930e+01
7.039431575424545429e+01
6.297680181627624307e+01
6.755980222480977204e+01
6.907889668828931917e+01
6.991524858718227620e+01
7.231341222554662806e+01
6.826019504541045535e+01
7.558670701335724118e+01
6.607821784809172527e+01
8.710565594810661594e+01
7.091992223073425805e+01
7.162356545003096642e+01
7.605676185340351481e+01
7.747155747347062515e+01
6.535543408001967691e+01
7.024424389919586531e+01
8.513982709548476180e+01
9.731879671597513948e+01
7.092971500138716578e+01
6.447809572669677891e+01
6.711864931717028071e+01
6.705301489816551452e+01
6.804407686647122944e+01
6.100384926292939980e+01
5.500644414357271472e+01
7.277170970932766636e+01
6.991921922543299672e+01
7.657423753035294567e+01
8.015698953714220920e+01
6.664025164075047769e+01
6.214288676549659129e+01
8.811735749061912770e+01
6.549312647047339908e+01
7.531458804258649309e+01
6.669891158458084135e+01
6.602432341002074168e+01
6.879574918857856858e+01
1.042637953659434515e+02
7.286105413619411308e+01
6.637389723766837335e+01
5.457973830105948565e+01
6.384490025825759574e+01
6.328185960026065260e+01
6.943675111356368745e+01
6.312783765334749830e+01
6.413075696151771865e+01
6.580847870645901310e+01
6.188695162896273416e+01
7.014511886460201140e+01
6.758333674317549367e+01
6.771146410910986901e+01
6.950974056075142471e+01
5.445312777391183090e+01
7.155506149614808464e+01
8.090921759494810317e+01
6.300997600221801065e+01
7.407106295701571241e+01
7.035624908008169598e+01
6.622216027313398001e+01
7.753085695161324509e+01
6.646167483038232149e+01
5.677164243946022282e+01
6.570722485546809821e+01
6.856593743680052455e+01
6.774357691984951657e+01
6.290989825140447067e+01
7.795498892268143720e+01
7.752240127288084182e+01
6.692877164938336421e+01
8.564072924251141217e+01
6.916517576659381916e+01
5.994715280021111425e+01
1.052827512386581930e+02
6.665860302379570612e+01
6.634501137752042155e+01
5.924703259873210470e+01
6.633801034689282972e+01
9.958570143438001310e+01
8.589414258922958822e+01
6.972625424518379589e+01
7.016882365139086630e+01
7.215861476405855512e+01
7.005372206882670127e+01
8.585091990199347833e+01
7.779548992553363007e+01
8.323473804776602947e+01
8.035212990373788955e+01
7.756752836616537650e+01
7.355288079482178887e+01
6.807885395367166836e+01
6.687813654176405009e+01
8.203083697443142341e+01
6.869621567553009811e+01
7.492231058755713491e+01
7.215193136134529084e+01
6.958812395026177455e+01
6.863035398562298894e+01
8.717125468618986872e+01
7.005068139110468906e+01
9.125774430898930234e+01
9.392783188109581261e+01
7.491639426281604131e+01
8.342639987144805502e+01
7.072189611516211016e+01
6.910038534993870485e+01
6.480012599364049208e+01
6.636218681460472624e+01
6.858121686120661309e+01
6.929610168406831860e+01
6.810981399553438109e+01
8.257085493463145554e+01
7.377394853233319338e+01
9.082631098814442794e+01
7.186902498328278455e+01
6.520854996156627692e+01
8.415003725323700223e+01
7.716393631822596433e+01
7.895444618445245055e+01
6.492423645916790065e+01
8.300565313760715469e+01
6.544487009480972972e+01
7.397787786619554140e+01
6.922296473840472686e+01
7.297658937586140837e+01
6.901811838468583460e+01
7.397139609017304451e+01
6.814650069692955014e+01
6.907114546652559284e+01
7.084040978351164597e+01
7.501454334747944586e+01
7.793195295189421756e+01
6.830180128393733696e+01
6.401311044131621486e+01
6.956675193178020322e+01
8.784891210592182631e+01
6.710105807431976643e+01
7.825181406349142321e+01
6.377080626088614679e+01
6.783531460778027622e+01
7.673709650619888123e+01
5.979696900466874609e+01
6.954866326576201629e+01
8.485472398586118459e+01
7.287212411872215512e+01
6.739156990422635829e+01
7.535754161511813720e+01
6.338371619202563068e+01
7.104196016500527833e+01
6.989927243779624177e+01
7.057667082158098992e+01
6.942511136933671878e+01
8.819448506279101707e+01
7.661307495600605932e+01
6.078896116869749733e+01
7.598713128185342214e+01
8.566277270184593817e+01
7.407598915455906763e+01
8.064422435472098982e+01
6.909287853279269598e+01
6.174192541792771749e+01
7.295909404722461034e+01
7.064535584376825739e+01
8.234777217398570315e+01
6.444176200612069749e+01
6.884778385106253040e+01
7.217746831039680444e+01
7.152540151666913459e+01
6.348881597046140257e+01
6.845414388247371562e+01
7.384800166684432554e+01
7.794922419611414455e+01
6.653870066351883850e+01
6.804675988458451741e+01
7.132337994435455641e+01
6.591787060628112727e+01
9.527731785575126366e+01
8.807983100001496268e+01
6.685937306031428307e+01
6.754173614333248565e+01
8.418700547036615944e+01
6.840625740292199453e+01
6.822022662363220036e+01
6.917939821632212727e+01
9.464421021955749325e+01
7.014305783968535479e+01
7.530402024524438787e+01
8.043085986313542435e+01
5.304947622316032607e+01
6.408370143779359296e+01
6.863439588248597545e+01
5.807277847222147926e+01
6.448968414837700891e+01
6.047372879865737616e+01
7.361576575688962976e+01
7.709833321214435387e+01
6.855722128029152884e+01
7.726673628268335392e+01
6.630151071619704339e+01
7.660656800345348927e+01
7.315277535709853396e+01
7.414416647973081353e+01
6.993620590224966804e+01
7.247623141119521506e+01
5.427854064225314801e+01
5.832781554103456756e+01
6.875296631528780722e+01
7.157553132251406680e+01
6.803753203092858826e+01
6.297850806720760630e+01
7.731864621697080509e+01
6.557974698164663607e+01
6.874241057402376498e+01
8.316481409077560727e+01
6.872165936627335725e+01
6.996519541446632218e+01
8.031325846184874706e+01
6.978446319968882960e+01
6.807954463433399894e+01
6.729657247028467282e+01
7.128039927156676470e+01
7.376459459730709511e+01
7.125108882931363041e+01
7.539970742195099263e+01
7.159202650842512128e+01
7.450501323188183278e+01
7.668713149334675450e+01
6.236409090790095888e+01
6.598742487926516276e+01
6.540582741341150097e+01
7.779176103283012367e+01
6.543911759938887940e+01
7.104101802157730106e+01
7.150645918363836984e+01
6.770782382839442448e+01
5.457817659212216199e+01
5.560784880303999245e+01
8.993257511357114709e+01
6.817217837481953779e+01
7.198498219399363052e+01
6.734482033257991418e+01
9.021448627604181070e+01
6.542945375877395975e+01
6.619615612882103051e+01
6.906443309903670524e+01
6.497004598565905553e+01
7.200086576945589911e+01
6.247694554113050458e+01
7.602807526166130003e+01
6.594284064929854594e+01
6.286131255434405318e+01
1.009461023641022308e+02
6.696185284512463909e+01
7.647842265255025040e+01
6.714354018237067123e+01
7.543688837420235416e+01
6.735476870811132244e+01
7.215892077582971353e+01
6.672126342901447060e+01
6.849270304449233038e+01
7.529249437883196094e+01
6.583219138327402220e+01
7.510700142840327942e+01
7.922750042645208168e+01
6.430468734712142975e+01
8.646710382185668209e+01
5.169125115072071708e+01
7.364340523909002911e+01
6.874401387022987819e+01
6.853162700171307620e+01
8.590885782997618492e+01
6.551864123861471967e+01
6.655836505469420672e+01
6.676113661602791183e+01
6.714793271215862092e+01
7.038102670360254365e+01
6.647719588595211349e+01
7.611234094549752172e+01
7.225163491584443420e+01
7.548848042971661698e+01
6.524857845730679173e+01
6.965132945080395643e+01
6.728661708569460131e+01
6.847691004301569251e+01
6.729023536732000821e+01
6.347681652845706424e+01
7.392872574551208231e+01
6.978968747600092115e+01
7.081432162584242462e+01
6.630813400640688826e+01
7.242195101788436773e+01
6.606149265828028661e+01
6.905701891681276550e+01
6.735243135124591163e+01
6.836038840954522300e+01
6.334620685593023381e+01
6.665031345708207766e+01
6.903244025409506435e+01
6.431813705113289359e+01
6.526253098015374121e+01
7.443099548436848067e+01
7.735633762265965174e+01
7.129504035919826777e+01
6.903030885413119222e+01
7.093106916771760950e+01
8.800856471576032902e+01
6.659533448417464285e+01
6.428791870056053881e+01
7.461295279418952475e+01
6.925714698249943524e+01
7.086023203365897416e+01
7.677467733218951196e+01
7.469095714268954112e+01
7.067501959850871174e+01
6.903743242530309487e+01
5.154610013318620787e+01
7.204733710836696048e+01
6.534058206751345210e+01
8.728456463693224521e+01
6.703207668620530058e+01
6.927614601367223202e+01
7.783120518534416021e+01
6.561203883898438960e+01
6.873765123824155410e+01
6.908738985062855420e+01
6.664207285182472162e+01
8.636025404756185253e+01
6.802046265109426315e+01
6.830582818586948690e+01
6.653321252240827732e+01
6.945071359696262903e+01
6.928073430714049152e+01
7.991051346608675487e+01
7.115181711137945797e+01
6.967555362605062896e+01
6.797332394577252046e+01
7.256282601036930657e+01
7.117854415722655403e+01
6.935385819998266754e+01
1.104151949541421800e+02
6.868106804727534609e+01
7.192143128526518581e+01
6.366001338589842362e+01
6.935642914878286547e+01
6.958772676975067384e+01
6.642449002073043118e+01
6.718602902226297147e+01
6.614518386641806558e+01
7.196710098623064766e+01
7.062492744865167538e+01
6.589675847338651238e+01
6.765178358963220262e+01
6.854910062153030026e+01
7.043027473631218527e+01
8.373428845483266514e+01
8.833001695646757412e+01
8.625796034886479902e+01
7.401204187725790007e+01
1.091873124614304373e+02
6.282175330237911481e+01
7.934576260996388442e+01
6.826995446586802530e+01
7.013540341152810242e+01
6.800083302004837549e+01
6.779102817092618238e+01
6.759785127714309283e+01
6.771685155299077508e+01
9.313672406093211009e+01
6.730812763509797492e+01
7.237569062471487769e+01
7.806302593694039160e+01
7.474982469270673846e+01
7.226102697421532639e+01
8.480559183051477135e+01
1.026499169476169158e+02
6.743369286879921276e+01
7.154854810504323837e+01
6.524072635416131050e+01
7.683082286676291517e+01
6.502974647592513691e+01
9.098108726412525016e+01
8.214582669075028321e+01
7.834071119266863548e+01
6.977460044154173602e+01
8.149795228186468421e+01
6.867363723289416555e+01
7.176910215333337817e+01
6.768701460067889286e+01
8.115978814276240882e+01
9.793633800451713967e+01
8.886277039180498605e+01
7.986063514008090181e+01
1.046217814960010486e+02
8.864176901926509800e+01
6.840795753547703839e+01
6.618735900366662861e+01
6.511969937408129283e+01
7.623996432775049925e+01
6.302811999451646585e+01
6.523456832354690960e+01
7.350670210083883660e+01
8.537620970003443688e+01
6.938039096609415424e+01
7.472070460636577138e+01
6.633424651502657809e+01
7.436807215539123206e+01
8.911759276684625775e+01
7.205575400403135689e+01
6.668755876987069087e+01
6.690996779407342387e+01
6.710085922201010078e+01
6.629565306981261585e+01
7.914217306664805562e+01
6.737243605285507897e+01
6.863056759591069067e+01
5.510105860562755709e+01
9.309752218607162888e+01
8.237687769951031669e+01
6.662747511368927178e+01
6.643180953590884030e+01
7.319127805217515004e+01
5.739340111757016416e+01
7.234605633969447069e+01
7.692521705199311555e+01
6.990890355008593815e+01
6.677564612241656050e+01
7.351636388402629052e+01
5.967683792764682238e+01
6.718807886789089423e+01
7.541829504870040068e+01
6.382218356134320913e+01
6.798977595711043875e+01
6.936390637264204884e+01
6.697077805385029592e+01
6.955077018866032290e+01
7.266398380023370862e+01
6.871939979858791503e+01
6.986931323188741771e+01
5.308564788035833004e+01
7.983172050484887450e+01
7.295948852199259704e+01
9.322831131687470929e+01
5.877177836337256878e+01
6.851404103881350238e+01
7.724484350925837362e+01
6.289764530238812057e+01
6.432681101484401154e+01
8.440904833503296345e+01
6.778247616699948708e+01
5.759806071343654565e+01
6.566950922212259911e+01
7.028729879137218006e+01
6.863436034449412659e+01
9.277446606750378066e+01
9.401721101625595622e+01
5.398422539662308139e+01
6.763655708078819373e+01
7.101541075553993210e+01
6.534942730880685247e+01
7.286876194758335146e+01
1.052096717853783048e+02
6.607218084353567633e+01
6.353523668834988314e+01
6.656124639031996537e+01
7.194449812437322578e+01
6.759305690531012090e+01
6.705820615370451776e+01
6.958242889162593769e+01
6.643711225836807444e+01
7.196776269134684867e+01
6.177444053634908983e+01
8.292027479045690086e+01
6.932998427592518453e+01
7.673653084912150746e+01
6.894895477196533307e+01
6.657349169212713491e+01
6.627642959441543269e+01
6.586736147434567101e+01
7.087415475566596967e+01
6.646818495955140804e+01
6.711711287463411679e+01
6.392340834389732862e+01
6.123194254383006552e+01
6.681080087552614089e+01
6.397740853796241822e+01
6.988168544157151985e+01
7.901497160479839010e+01
8.327567841636705737e+01
6.900082263534517324e+01
8.549822920891188005e+01
6.403895419420425128e+01
7.045384205770530173e+01
1.080318583869608915e+02
9.632462720018128266e+01
6.589310103387435902e+01
6.888151256524827204e+01
7.774010112809696693e+01
8.121141300759371973e+01
9.876324681546849149e+01
7.766369904191856222e+01
7.546776974902651602e+01
8.013525424708738853e+01
8.750001276804626116e+01
6.800108119851407196e+01
7.052204421343824947e+01
7.218295744075693676e+01
7.277932010468030910e+01
9.469937880440856759e+01
6.700702560355144044e+01
7.398334113184297678e+01
8.442686655343815971e+01
6.972070984120833259e+01
8.604432759059812952e+01
6.764388210777137544e+01
6.810400597605820394e+01
7.241080485850061166e+01
6.916286521301958601e+01
6.287352172622562563e+01
6.633570879345938920e+01
6.681093546113918080e+01
6.951572888733733180e+01
6.318445392590718512e+01
6.512625188786969943e+01
7.721860454082434444e+01
6.764329030743829207e+01
7.607888908109521253e+01
6.864094364546608062e+01
6.990846634096305934e+01
7.322657581606641486e+01
6.036641307226891939e+01
8.272672856346405013e+01
6.573783619116647969e+01
7.862415756302550562e+01
6.701624795337427543e+01
7.938875243608605103e+01
6.612531601486638522e+01
7.624895277255305359e+01
7.340610858488365409e+01
9.800837122775530474e+01
1.010313621177689356e+02
6.619876460031727561e+01
6.336541584745253175e+01
1.044224511836668796e+02
5.472225796446140578e+01
9.722584688455658863e+01
7.010882573580001065e+01
6.213323587337673359e+01
7.488526906186275767e+01
7.122785238213282355e+01
7.582746146533965259e+01
9.757018536873790993e+01
9.281643161825331845e+01
6.534356765802617417e+01
6.680579810188078227e+01
6.681723401858731393e+01
6.992849469695259756e+01
6.789996280492692904e+01
6.811062816783308449e+01
6.825088631568203823e+01
6.367284970090145180e+01
6.566066773233818310e+01
7.196563576516335559e+01
9.525797606143107998e+01
6.242120931313323240e+01
7.206023303567626215e+01
6.943590214599110766e+01
7.787158837241526044e+01
6.859226522327098508e+01
6.701798508331798132e+01
8.088174896067360464e+01
6.669451746375305845e+01
7.689375448182553896e+01
7.248217563007416686e+01
6.647479456655302954e+01
6.922504374452539366e+01
6.929223082871891393e+01
6.617900838506633932e+01
7.017014891529336751e+01
7.875906021610023799e+01
6.957545593933292594e+01
6.757517558020606430e+01
7.010155596623961571e+01
7.497375471199130459e+01
6.608588678594198029e+01
7.049002080273344006e+01
6.722943043560658793e+01
7.237503596945539641e+01
8.747674207568688587e+01
6.753413992190208148e+01
7.329061843789841646e+01
6.130918504458504259e+01
7.422073220605668098e+01
9.229801017370496652e+01
8.283169050888402296e+01
6.647072402533055424e+01
6.108340736207343724e+01
6.566564506150096747e+01
6.241587472290634508e+01
7.343668756732895986e+01
6.148960814847122691e+01
7.174829068526636888e+01
6.405085373216600431e+01
6.305064735474466886e+01
6.929259620225425920e+01
6.809439368137273618e+01
6.899190714100920729e+01
6.985907408307794242e+01
6.697614557615447950e+01
5.885613091400671948e+01
7.551085992540265579e+01
9.849571670439131310e+01
7.379618144557579740e+01
1.090329024466752230e+02
6.795891936432921909e+01
6.911863589153747967e+01
6.585968301857197105e+01
8.685538225583563587e+01
7.177785103801713262e+01
7.556185128890659541e+01
7.045181717747641414e+01
7.788159405483108344e+01
7.544028153061482556e+01
8.681939543085067612e+01
6.878580010903351649e+01
7.334380290127180047e+01
6.062128722553504190e+01
6.780016716032565682e+01
6.742733440108109733e+01
6.721283686576916239e+01
7.201625065536319426e+01
7.370819104104998587e+01
7.007793110658830926e+01
7.234548665346903817e+01
6.649928406381276602e+01
9.658269537360094148e+01
6.803092847621601891e+01
6.510718286440533120e+01
8.214516854094708265e+01
6.749221566812880724e+01
7.438220932709367617e+01
6.375038982470794480e+01
7.944046502559906742e+01
6.484098348582637072e+01
6.922241999263457046e+01
1.112780418090325441e+02
7.278813443180604281e+01
9.149010327036286583e+01
7.332603363443739397e+01
6.720425444530471282e+01
7.375980895580552499e+01
6.949253405580546428e+01
6.598396503933562940e+01
7.226074635555140446e+01
6.472566352523388389e+01
5.586633851944135642e+01
6.941249778655348734e+01
7.012999145796300127e+01
6.275251688675844264e+01
5.848302656111649611e+01
6.516789827614542219e+01
9.596086919499146006e+01
7.189307844823970584e+01
7.230911300568774891e+01
6.507513993940671071e+01
6.773902104942592928e+01
8.143872673319579292e+01
6.534701450973214776e+01
6.465095199910130930e+01
6.491892165652008373e+01
6.962505951605569976e+01
8.006907767857302360e+01
6.446470372422092510e+01
7.689922287594934858e+01
6.960976700134256134e+01
7.013861623198174300e+01
6.310206895301016772e+01
6.878682142443231839e+01
7.859141960491467671e+01
7.159601099886879183e+01
6.882224965332684974e+01
8.205254122450349996e+01
7.344316572937438536e+01
6.946193681520135499e+01
6.368177000147836964e+01
6.324189506813776518e+01
7.559342919283307083e+01
7.534732421171341343e+01
8.496653428434363775e+01
6.614081373050194657e+01
7.513769736221931339e+01
6.705959807643863257e+01
6.293778775134969550e+01
6.814506388778480073e+01
7.839490747472423493e+01
7.142319032872634921e+01
6.675963664112811102e+01
6.942148028696711037e+01
7.144464083965456780e+01
7.404722853086430234e+01
6.364709753004348158e+01
6.583178499764312619e+01
6.588662624389014866e+01
8.896128787660705939e+01
6.077256260674154476e+01
7.048362850566870463e+01
8.249451638333366077e+01
6.669470906435240920e+01
5.852427993610927359e+01
9.453157673000363559e+01
6.888694965477405674e+01
6.626860952426777374e+01
6.760412085047298092e+01
7.078851434632156270e+01
6.993181025804052808e+01
7.313521004281304272e+01
6.980501076194552468e+01
6.973322757370566194e+01
6.701214583444431128e+01
6.463391747502528517e+01
7.409945281633412151e+01
7.875548594840510930e+01
6.987806516951614810e+01
6.844020605388371337e+01
1.113321367577843546e+02
7.274771736648217768e+01
6.305362344663463148e+01
8.214534283459883568e+01
6.470928286612429758e+01
6.822804947079320925e+01
8.853373973165025745e+01
7.541364859408608368e+01
7.894951562128720468e+01
7.632054683268158612e+01
6.572983269672295137e+01
6.541422716272330717e+01
8.892147701513748359e+01
6.622393595535170618e+01
6.429151299056134405e+01
9.061462662287571845e+01
8.828547970075287310e+01
6.415316478298652214e+01
7.157873852498850908e+01
6.669142485287449063e+01
6.666203330416560391e+01
7.706620173983012023e+01
7.211862916288851011e+01
8.033691130364024957e+01
6.937155568271214179e+01
6.612871733019889575e+01
6.747722034273279235e+01
7.274213524247603857e+01
6.876476688131384662e+01
6.708269868410492620e+01
7.823611711232267396e+01
6.894960564100760791e+01
6.684362728399931086e+01
6.595130323405577144e+01
7.662325595184157123e+01
6.693750091143462555e+01
7.576667496983969841e+01
6.799016132271786717e+01
6.330710806920205869e+01
6.392170848697617203e+01
6.982779732948681328e+01
7.414542477424306810e+01
6.578370125807444424e+01
7.580424570831205244e+01
7.240489820779565378e+01
1.085293981777149526e+02
6.685976308207156649e+01
6.515627755743915372e+01
6.634560149564848075e+01
7.126177616459473541e+01
6.626639791201347407e+01
7.531257928268895796e+01
6.883898941802250704e+01
7.193112293393635071e+01
6.362923911217865225e+01
6.879595759293907520e+01
7.227926478714906011e+01
6.752943999068912717e+01
6.503977899989479283e+01
6.742240038010605474e+01
6.365673067843802357e+01
6.636592213678072483e+01
6.967725230422257710e+01
6.837238128468767684e+01
8.009960977078416988e+01
6.737501753783534753e+01
9.755308384123976850e+01
5.904042188124757473e+01
6.984410260744407140e+01
6.653986746224863680e+01
6.828959293913959527e+01
6.941371784548627488e+01
7.239601344014637618e+01
7.412568966164960216e+01
7.022775142706896645e+01
6.526099983411234007e+01
6.623198516329139807e+01
7.262727772267848536e+01
8.523053222066953083e+01
7.647183982542389913e+01
8.537336760151687542e+01
6.821402362358341520e+01
6.732461175698243494e+01
6.952484576237311842e+01
8.013476634987891600e+01
6.960394191169959299e+01
6.711237088538186413e+01
6.517288709563916882e+01
6.786513261145474019e+01
7.027467141856791955e+01
8.579260185245195203e+01
8.483957628125617134e+01
7.638656121650477360e+01
6.741301924841501148e+01
7.401193933550500503e+01
7.275287100709471133e+01
6.637482221181349473e+01
7.105385686482451035e+01
6.672703554818124871e+01
6.240702816700899547e+01
7.055307024715881425e+01
7.622818397110590638e+01
5.538636318800941893e+01
6.466074082636787068e+01
6.527557087400441560e+01
6.549229913827022642e+01
5.920382240834995002e+01
7.082027832469384521e+01
6.160701931040740931e+01
8.732504777400372120e+01
7.530140098276773131e+01
6.755746000100199922e+01
8.173986030080466492e+01
6.426727435573229741e+01
6.416883913426990205e+01
6.686915231585830099e+01
7.526031065489647176e+01
7.248740725672887208e+01
6.882214085275755622e+01
6.727361115617017617e+01
6.904283894797299581e+01
6.928588499097513420e+01
6.117218478736683096e+01
6.969880657984280958e+01
6.913810548002476253e+01
7.475463595659049076e+01
6.248790257009786586e+01
6.402279651354236023e+01
7.152687485625241948e+01
6.518979648215534439e+01
6.805016048451588517e+01
6.596050709464404349e+01
1.032160915339764244e+02
8.959042759345561535e+01
9.556451160519307564e+01
6.453722625284956393e+01
7.026922876213558311e+01
7.111942557725637926e+01
6.452084008654102831e+01
7.293440851643414646e+01
9.536420647938892614e+01
7.685551481685290298e+01
9.096341340079167992e+01
7.904491600648171357e+01
6.710765203048406136e+01
7.469810760333804467e+01
7.834817608623582430e+01
5.016193779397755037e+01
6.710567635795089814e+01
6.696157718927052827e+01
7.640354550684698154e+01
6.807321930323021775e+01
7.899743267871519947e+01
7.507829740999660828e+01
6.627201502947592360e+01
8.221150831580487761e+01
8.986522830355561098e+01
6.688062267022391438e+01
6.506685157506925066e+01
9.414172710794926502e+01
7.301507229139430422e+01
6.634651722524486672e+01
6.659366423167539040e+01
6.341563596440845174e+01
6.967241678173800778e+01
6.879877699992928797e+01
6.665881346965544196e+01
8.240408965717806211e+01
6.620261881565777173e+01
8.608995683778424279e+01
7.422945083790249043e+01
8.488747395379628813e+01
5.880032787067385414e+01
9.876626052729031358e+01
6.864330831366025620e+01
6.763182924155124454e+01
8.297873181705372758e+01
6.666458938640124643e+01
6.224159714612730454e+01
6.373744778481187723e+01
9.738784342467955923e+01
6.275843158096573404e+01
9.411477096130367670e+01
7.012922624709389652e+01
7.076105493586011619e+01
6.764883060274497950e+01
7.275994687121580284e+01
6.687110561273939879e+01
7.062923450629995159e+01
9.517752298901345398e+01
7.990867940477163245e+01
7.048136699523919901e+01
8.621519104462288396e+01
6.622872875956500138e+01
6.820565548111936494e+01
7.090792871107747430e+01
8.526253781157541312e+01
6.997058930340922700e+01
6.394756019388568546e+01
6.635939092363885550e+01
9.287968901899265006e+01
6.411523723794729790e+01
6.745904384524583008e+01
7.030753899424217934e+01
6.058303825118567687e+01
6.782864853749393319e+01
6.598576977335389415e+01
7.689966733720278569e+01
6.649709674472322263e+01
6.794414558534001003e+01
6.503962274754951522e+01
6.839732965407883114e+01
6.859444983670734075e+01
6.660237432246121614e+01
8.403683438585353827e+01
6.545852793556778693e+01
8.435020649422831696e+01
8.899539679284285398e+01
6.839590519469150820e+01
7.502687596312821938e+01
6.933102787257560351e+01
8.105832094928292975e+01
7.218172471683905655e+01
6.917708708346106050e+01
6.721467262094638784e+01
7.229445195965536186e+01
6.313513171067487662e+01
5.971754410301019078e+01
6.835709708169052590e+01
7.406263831043560231e+01
6.656858198192387022e+01
6.319836784110572125e+01
9.771179079449171923e+01
6.738771454919874770e+01
6.687832108632260031e+01
6.978456352883631553e+01
6.789583021146971475e+01
7.934302081007307095e+01
9.064150631472845987e+01
9.340446508337998921e+01
6.356863586808643873e+01
9.694420977980533394e+01
7.547895781518414537e+01
6.885490755339870361e+01
5.314338682273387349e+01
6.695597139259805886e+01
6.652585398334581157e+01
7.096842171812114941e+01
6.859705614923827000e+01
7.411081846490314717e+01
7.095882632793299649e+01
7.010892992088263043e+01
6.788429901191686611e+01
7.043588030779476128e+01
6.853899070963525730e+01
8.296004584556912675e+01
6.861595506590298044e+01
8.540849686110094297e+01
6.812216910582128548e+01
7.172207848993357970e+01
7.579620764324948823e+01
6.791705014897620174e+01
9.652060845407170575e+01
8.453920803760925651e+01
6.809456085291176919e+01
8.202468336372990620e+01
6.644328537855476213e+01
6.885392187741985026e+01
6.525376161221241489e+01
7.696663675055607712e+01
7.632741147805094784e+01
7.353281611248151250e+01
7.853327505336609704e+01
1.041812567510499008e+02
6.950242984748169306e+01
6.955497592552093522e+01
6.935955155393511973e+01
6.677861681943109318e+01
7.009683191385967405e+01
6.567787201964129906e+01
6.659781452810430835e+01
6.686963300734196025e+01
6.670370804370459439e+01
7.379099323540162914e+01
6.703152966065424323e+01
8.393755896253691162e+01
6.214110784744424620e+01
7.621179639026588859e+01
7.076080856300126243e+01
6.703947140836466190e+01
1.068568904087099725e+02
6.428585945580056205e+01
7.845691531035993194e+01
7.812123475666921024e+01
6.855651971398235389e+01
6.832114683934753430e+01
6.658360247139943056e+01
8.714011681587820135e+01
6.664668893314477316e+01
6.738997277050056312e+01
6.862116645665732051e+01
7.050033498170714097e+01
8.257580895986461655e+01
6.001887349939721616e+01
6.685514114468935531e+01
5.771414862453512740e+01
6.760191784618454847e+01
8.452434348854185941e+01
8.017554065689434140e+01
6.654518881081828852e+01
6.682785618508489733e+01
6.632600746516681056e+01
8.556003938726055935e+01
6.855354730272115660e+01
7.245636376791637190e+01
8.505057175759674237e+01
7.443555395648033368e+01
6.406216434660329639e+01
7.005847804125470191e+01
7.623143256018913405e+01
7.729730093869079610e+01
7.039818831522559606e+01
7.001537073339984829e+01
7.369115182125970875e+01
7.368980200813651038e+01
7.871321035293921398e+01
6.589619295262160392e+01
6.651755835001405615e+01
6.936934770818275808e+01
7.557742644865223269e+01
7.460862879893279853e+01
9.714188917476383267e+01
7.248292878121125682e+01
7.486044862893700724e+01
6.775070404179857064e+01
7.211510356666397570e+01
5.953016532979462028e+01
9.739402811467947174e+01
6.781328021474377010e+01
6.923447104577157063e+01
6.802966205181549242e+01
6.523427429073264250e+01
6.656229340356617286e+01
6.871675111532300662e+01
5.753772399035623408e+01
6.833803078446476320e+01
6.891444836403374552e+01
6.937823800402162533e+01
6.809202195272645497e+01
8.217958990540246589e+01
6.149418453832515752e+01
7.285807119885173222e+01
6.446528046404326062e+01
7.512666824952758304e+01
7.044881491970822651e+01
7.176806070902088663e+01
7.069054382021907657e+01
6.115169032894991119e+01
7.791601164693209114e+01
6.929310048015584300e+01
6.816033046410538532e+01
9.715766444776467381e+01
6.638820990171298320e+01
7.886543244254866636e+01
6.732359878208467308e+01
8.554329646283356681e+01
6.863033069128654517e+01
8.252251955765372315e+01
6.420048362169772815e+01
6.575312695813400410e+01
6.358215123806233748e+01
7.951883739725522560e+01
7.845126824632826867e+01
1.049315656377120831e+02
5.993879047764952617e+01
7.084930111927042162e+01
7.729787842072970250e+01
6.342256984183090651e+01
6.564602587443255288e+01
7.581580970109160944e+01
7.641433148225712557e+01
6.789790227822801683e+01
7.829230156246211436e+01
6.221693546917047257e+01
8.217752616957893963e+01
7.581791441326532777e+01
6.687369964896841168e+01
6.445368138788946055e+01
6.292196580809625317e+01
7.568978986888359373e+01
6.917360184892268649e+01
7.306465860736368256e+01
6.728492164995891756e+01
6.707456366161079586e+01
6.867098901977952607e+01
7.430410436557562548e+01
6.565346821170558655e+01
6.869451821951189174e+01
6.736123099630407296e+01
6.958531333424433285e+01
7.263754843789691051e+01
7.168814123515187475e+01
7.995902707079058302e+01
6.952159902872777764e+01
6.684011524699950257e+01
6.641091820768274090e+01
6.817500991622907236e+01
7.201756414060881184e+01
6.674748342527773559e+01
6.822792758086649201e+01
6.901988426340527383e+01
7.640241684100968200e+01
6.628406444074632020e+01
6.085161011465912395e+01
7.310435083877061402e+01
6.343948340504670824e+01
7.049937849558452285e+01
7.457136526025766443e+01
7.088823858432704128e+01
1.030240071823776731e+02
6.889674428364233449e+01
7.133958896381403747e+01
6.824587937313356178e+01
1.004280490930535876e+02
7.397720292226327388e+01
6.661226457967634929e+01
7.892833592704185719e+01
5.534005664718162620e+01
6.742602369923868366e+01
6.005715725196348842e+01
7.462119244938060092e+01
9.483532183151083927e+01
6.447948733865264614e+01
6.984992441794177864e+01
7.546543060556274440e+01
9.498152906045206123e+01
8.651954841290239528e+01
1.005222898030310574e+02
7.724810856746724141e+01
8.043742551375576966e+01
6.334506311699539083e+01
6.828191559277870226e+01
6.881657124325305119e+01
7.148537780100788552e+01
6.846489107080320480e+01
6.880060939396966546e+01
7.248764447294708191e+01
6.719304264293666051e+01
7.406180840510889141e+01
7.264378923446869862e+01
6.557378818922521191e+01
7.318096457015350609e+01
6.817428365001825341e+01
7.344710376281210529e+01
9.209749425086950225e+01
6.835138802398442692e+01
1.112762671264693779e+02
6.829734882430784637e+01
6.768772746937844431e+01
6.719227806117251589e+01
6.269482359080845413e+01
6.872385446286708088e+01
6.812063002657605182e+01
7.052846722270986390e+01
7.133608500448085010e+01
6.784410588335244086e+01
6.443317268921390450e+01
6.675971400844375125e+01
6.579940244533368343e+01
7.040424184825813825e+01
7.753872367067818061e+01
6.358028404003670175e+01
6.578836134692926407e+01
6.613433528449499477e+01
6.691544034419669629e+01
6.375286270733050742e+01
6.852569818739470975e+01
9.533621354191002695e+01
6.949800687111803654e+01
1.003457532515033535e+02
5.992667658448774404e+01
6.645783512102271118e+01
7.089340365542565792e+01
8.790757868809622266e+01
7.982115959292188734e+01
6.931901239861517183e+01
8.525540524607767168e+01
6.372938160585204059e+01
7.243450075451920611e+01
9.842896604824052531e+01
6.897898077895293056e+01
6.673889266284491839e+01
8.571573343580251958e+01
6.940827467163636300e+01
5.324845188181102174e+01
6.970201158792501417e+01
6.824947946116857622e+01
7.742980385293355994e+01
7.360204248939359672e+01
8.297616290099415437e+01
6.737817515729379636e+01
6.948028184091202775e+01
6.696504463642409632e+01
5.583592214156940514e+01
6.580332238065390982e+01
9.531635393090991215e+01
6.963723946554910071e+01
8.604585078058954650e+01
7.414220622010560646e+01
7.684367052384075691e+01
6.531054998098473163e+01
6.772921750047557055e+01
9.231571404131314296e+01
6.888226632167599917e+01
7.544611606122768421e+01
7.727646229803802669e+01
6.193860855352399142e+01
6.944071283777721248e+01
6.983797208232329012e+01
8.329430023823286433e+01
6.930636243502235061e+01
6.195261776939976528e+01
6.705351688909043162e+01
6.909396120798587049e+01
7.290334631241262286e+01
5.935881250712358082e+01
7.091218995857985874e+01
7.959229641298517777e+01
8.407137870610533525e+01
6.710380026724986635e+01
7.023620663433776201e+01
8.937549379896630342e+01
6.612426929776304974e+01
7.528094337479048193e+01
7.345832853483749147e+01
6.715910758176069351e+01
6.930157622184410116e+01
6.974795501154355293e+01
6.874951422679816915e+01
7.949346512551927901e+01
6.948978738238989195e+01
6.352542635441577090e+01
7.632075919650750961e+01
7.986852421564509541e+01
7.040219266408364263e+01
6.904468434485617934e+01
6.796562020289772477e+01
6.663733010934551260e+01
9.543205495830808616e+01
7.906372789782352584e+01
7.616436908192369515e+01
8.001859415972755585e+01
6.248751421463312283e+01
6.304667948981196446e+01
7.568843040980759440e+01
7.989975430961695224e+01
