2.762539828830978905e+01
3.387567903925046409e+01
3.544841434362069776e+00
2.496812857497837967e+01
1.835619827049752928e+01
5.458608213442616375e+00
4.174302213800243777e+01
6.778402638508595146e+00
2.202057876573154260e+01
2.112690246822911888e+01
1.156652448276805956e+01
3.989608257250807810e+00
5.115705294882587850e+00
1.074966083860260824e+01
1.602695937278004124e+01
2.679663816533251008e+01
1.716938796638839904e+01
2.319475612436289680e+01
3.830774341984920284e+00
4.744264949524264807e+00
5.280286228864028431e+00
3.713978921396231669e+01
4.156827605101611312e+00
5.640872779901840772e+00
2.608075361073467491e+01
3.570749212585304377e+01
4.244277624816527350e+01
5.903364863359200854e+00
9.912948564169440147e+00
3.675468381923275274e+01
1.950426666000809917e+01
1.385775135777750222e+01
1.526762998364803536e+01
2.447433643685451443e+01
4.211535042319923150e+01
1.998050979558404094e+01
2.796469294301398634e+01
2.512792057193421158e+01
2.991555314411783684e+01
2.459249918491785536e+01
1.575752180806330216e+01
1.057140043978246524e+01
6.453462575790965161e+00
4.556121870186544243e+00
9.487689875304724296e+00
2.800460351649327606e+01
1.309600259991377413e+01
9.466445795882663106e+00
2.169741303346020800e+01
2.042801923109978190e+01
7.274972370921133802e+00
3.118466899246973156e+01
3.342572378613644446e+01
6.189873736219837497e+00
3.006327456022314237e+01
1.344480439619265155e+01
3.609044312159414147e+01
4.471376744003652703e+01
3.732022731406658522e+00
1.974126388663663079e+01
3.880357442240568133e+01
4.369520327446238639e+00
3.001616778369650973e+01
1.198991219265627706e+01
3.054147796035544360e+01
1.299840429793430019e+01
7.677978508459815998e+00
2.828878922015810105e+01
2.183616015433824487e+01
8.918215318524573831e-01
3.575489585937091874e+00
5.744404827366196287e+00
1.893746058914932462e+01
2.054435347880200879e+01
1.534218233582929258e+01
2.347796656617094868e+01
2.047240530784667101e+01
4.802426664056213212e+00
2.813150264068244155e+01
3.136852734842981505e+01
5.498161474609204902e+00
2.529425866429551206e+01
2.260163803181465880e+01
5.903116631587991492e+00
3.183816226074678468e+01
1.411587891148271012e+01
4.713687424106169033e+00
1.556646665668202445e+01
3.809968335175923926e+00
1.043135867782656589e+01
3.833601119657656398e+01
4.205667680202090963e+01
3.382580287975899580e+01
2.504007367509935023e+01
6.265435970306697300e+00
2.043504039154535690e+01
2.373440718944813455e+01
2.663882681769468519e+01
5.717300261591347521e+00
3.992156896473841243e+01
9.617174241777618704e+00
5.028531566888795368e+01
2.916532963706728765e+00
5.592384520145671445e+00
7.743991249017213363e+00
2.845626011483727069e+01
2.044514834792489921e+01
3.362316015246140211e+01
1.987391008055368502e+01
5.431011229175553012e+00
1.029128799882217038e+01
8.025828368905635557e+00
2.283622079558415408e+01
3.591523265256859787e+01
9.328565640685681615e+00
5.674345428947049186e+00
1.919359747250101123e+01
4.030971865269682297e+01
1.616227650285335926e+01
2.771546357387724413e+01
1.175394808820308867e+01
1.251099500825827704e+01
6.334092669596344649e+00
1.377296115932750808e+01
8.765217077049172190e+00
3.358173857349635227e+01
1.776775637455004642e+01
1.890908082648414279e+01
1.598508706834161330e+01
2.021777390618275660e+01
3.259883523309278530e+01
7.316307031209575484e+00
4.426020738430580082e+00
2.929336445700138825e+01
2.001984817818160423e+01
2.841510138066843183e+01
1.874997784678531332e+01
6.130571281345396528e+00
2.989278741604693579e+01
8.334809592946527346e+00
6.034473809288158463e+00
3.042362918967248220e+01
1.474509610878662613e+01
2.104989256405141873e+01
1.104565356963477996e+01
5.257985312419151569e+00
1.932704372823467054e+01
2.116196762600391423e+01
3.089948846408233862e+00
2.497555514186343828e+01
3.379913256961218337e+01
4.174671167817834316e+00
4.216953964627434459e+01
1.913788433305283831e+01
4.994059825890111881e+01
6.023491925422192139e+00
4.765468926642640213e+00
1.515896725149342217e+01
3.000092563173904381e+01
3.817679151996203046e+01
1.841377823164067706e+01
8.513290125001205411e+00
4.035302028132562668e+00
4.375609428279716440e+00
4.810024008974070853e+01
4.373712512467092495e+01
3.845150629762272843e+00
1.761077309684489478e+01
1.655146787822128829e+01
6.069631104086454343e+00
2.697855945463580696e+01
3.687734789676851221e+01
7.426295317875570845e-01
1.602803477966745049e+01
6.965437514221989090e+00
3.016432186649714708e+01
1.568731116932127634e+01
2.381100334522815842e+01
1.881320658979353766e+01
3.770180871039684689e+00
4.379081312465999076e+00
1.018162959807214918e+01
1.145711000940370639e+01
5.829440734901979226e+00
2.882249848335963094e+01
3.079490230131573725e+01
1.612979539395750805e+01
5.577987667109525205e+00
4.940719389694863395e+01
1.070897743852459882e+01
1.903641895883126267e+01
6.406473126159625053e+00
2.003452790583042997e+01
5.173428455290718375e+00
5.993970538445367424e+00
1.266746040771357684e+01
1.996871389763218474e+01
5.656059568728835529e+00
9.600905689242239305e+00
6.545706619328910847e+00
7.245166564324492242e+00
4.375585543615017059e+00
2.557447438192734523e+01
5.533569548154176232e+00
4.413841342763731745e+00
9.156209314290066459e+00
3.529883808421396196e+01
2.892679939651671361e+00
5.675734309499233632e+00
1.966681617586148434e+01
1.836340882091768378e+01
2.179572833868216719e+01
5.078913720450046299e+00
1.682216209278402630e+01
3.738011973970785107e+00
2.033385694719942194e+01
1.143504568253410980e+01
3.222751311946257857e+01
3.153208759944525497e+01
1.116900406576337446e+01
5.765286410994761468e+00
1.919204081689207442e+01
4.569732657816511079e+01
3.049215482481935879e+01
9.747267445484141035e+00
5.890324539676512927e+00
1.175287783880825998e+01
7.012606354344953274e+00
1.452544756966611317e+01
3.620896516735498949e+01
4.821120584235276141e+01
1.160412682668248863e+01
9.400860873535847873e+00
5.095874572207449660e+00
4.149531379757601002e+01
6.328573520941006336e+00
2.739499942587178083e+01
2.738371296540966426e+01
4.215411710588290362e+01
4.565558471748394709e+01
2.840956134458556903e+01
5.119276038579513965e+00
5.410282109764153802e+00
1.579485331512094604e+01
3.857933073008993574e+00
3.340436958076043794e+01
2.507091968298148288e+01
3.918140441830047394e+00
3.186035056553863853e+01
3.415897437039082973e+01
3.248885730953383444e+01
4.526173585420049506e+01
2.343951832431316973e+01
5.735330181287537243e+00
6.762508729678714303e+00
4.999590205432676981e+01
8.748404984885027602e+00
4.988473117943406976e+01
2.130368181073694700e+01
8.917685979858774203e+00
5.023594778002696870e+01
5.692369070821385435e+00
4.568636034137384172e+00
2.191925771959543567e+01
2.631414393947574126e+01
2.573419554242944685e+01
6.978522167052148006e+00
1.517869060417932303e+01
4.789491382479944548e+01
5.864145625529474160e+00
5.784092691641276929e+00
3.057869232889979827e+01
5.463566301291265859e+00
1.481955872839982646e+01
2.819952651137272426e+01
4.146951351158108423e+00
6.936670850768138052e+00
3.888435051125626529e+01
3.491969654306543447e+01
1.717519240075885989e+01
1.773166740825375598e+01
5.986526205343622564e+00
2.654125895418417258e+01
2.872023296343153476e+01
4.917350731329778313e+01
4.119284877956292235e+01
2.663171102228536569e+01
3.089735628970688452e+01
1.354021162042045034e+01
2.863474160325964135e+01
4.406927993230297602e+00
1.228483307160247762e+01
2.254805203396665547e+01
2.929541489589622216e+01
1.750544115131768308e+01
7.904277413580416578e+00
2.113084134255950630e+01
3.085268778667455081e+00
6.002098075544765265e+00
3.230792162572143411e+00
1.007060093249353372e+01
5.317886704786104701e+00
2.292800704829572567e+01
7.384158389683008750e+00
1.542454248991228383e+01
2.382802040692291712e+01
6.061611615775319706e+00
5.133918440803057592e+00
5.830226246615751506e+00
8.561096663346191349e+00
3.660883039760449265e+01
1.511415365104754471e+01
9.157336178767693013e+00
1.873097123382385121e+01
8.183311713612440030e+00
2.236186435007181217e+01
1.737710099114509887e+01
5.652118176475028122e+00
2.277984878876245034e+01
2.133639271890605471e+01
7.584881717906299059e+00
2.254295911741702696e+01
4.176659321901382782e+00
1.168168384179725194e+01
2.065358349887806355e+01
3.961507317176483411e+00
2.802279662688178519e+00
4.897564871745913706e+00
7.549432466665848551e+00
1.924187114967372736e+01
2.826641614006655345e+01
3.620705004055626119e+01
3.941732173491729441e+00
2.145349755054260754e+01
4.082277665630115848e+00
2.626694207102915612e+01
5.250901711449216691e+00
2.757939261523429053e+01
6.222471785835196556e+00
4.230637594050058681e+01
1.100871734771872923e+01
1.603225981969686131e+01
1.659809482882641873e+01
1.797792948489826870e+01
4.664303543459283219e+00
9.202358714531754913e+00
3.012729656554939339e+01
6.056721993474269539e+00
2.620054916317826610e+01
4.292957515013631564e+01
6.856125842957609962e+00
1.286462869764368122e+01
8.806829727838191957e+00
3.569282599896174446e+01
6.675981782982631785e+00
5.528677640653071990e+00
2.208022004179656506e+01
5.900182615112498752e+00
1.698003151840444502e+01
7.656741084379163453e+00
4.592424143035640327e+01
2.106655809500691134e+01
3.063384916722980478e+01
2.998161071696946323e+01
2.085273656987379809e+01
3.318165996603262613e+01
2.782339086976180909e+01
5.355413823460821732e+00
3.038410392266885651e+01
4.597110824256503747e+00
5.838947781523842195e+00
4.819979868916243504e+01
4.828524444392286341e+00
4.562870189411373190e+01
1.240353063830387725e+01
4.465556183595472106e+01
5.898250006298411563e+00
4.590703623791981158e+00
6.143063876325072670e+00
1.885781524930277442e+01
1.247844382880548153e+01
3.231662041121027329e+01
2.268677453060209359e+01
4.424836167102117201e+01
2.594238560279271155e+01
4.068930490854040727e+01
1.127504129138719691e+01
6.111429255677307992e+00
1.401387233413920796e+01
7.572906239569050513e+00
3.605761165780317157e+01
7.010548017625382045e+00
1.519016276838065949e+01
3.595314039981269616e+01
3.903941185851318352e+01
3.077370578274339152e+01
4.555200272020545782e+01
5.209861714540792832e+00
1.537368276062260009e+01
8.903120903929632846e+00
4.483613432346098904e+01
7.274237129410465741e+00
4.139997181218745936e+00
2.306680679990641636e+01
1.802178849904223057e+01
2.762117931531107473e+01
2.554259504444404172e+01
4.788335829351808570e+00
5.297950135879929690e+00
7.528042595557735694e+00
1.043542516666227016e+01
3.355168857997056620e+01
3.289775783734726389e+01
6.597241663295449143e+00
5.722834770881092936e+00
4.434889296811391546e+00
7.846647175988891831e+00
1.911066311627480729e+01
5.817265314472393811e+00
4.990269313892807901e+01
2.363815639529516943e+01
2.280749684127516730e+01
1.386097564491136325e+01
3.098089323273718065e+01
1.097741338021909030e+01
2.366013630543966428e+01
1.421241877739534232e+01
2.859580707980676095e+01
5.400711480624181604e+00
7.173457505680431723e+00
5.674530352201415440e+00
6.710787974095396180e+00
3.591914959417558606e+01
1.673638648382478777e+01
4.585905967997234711e+00
2.586862083379006094e+01
5.836650954406280789e+00
3.013095722490358952e+01
1.326669265624366290e+01
1.835548082468764619e+01
2.210272029572361419e+01
1.812623265665615691e+01
3.625393440425003178e+01
2.153048735121724633e+01
7.548631729496406706e+00
1.429164192847666470e+01
6.006859895500653579e+00
7.210089560193878810e+00
3.348539028117731675e+01
1.705780778292719901e+01
2.636965194511712696e+01
4.791304821880160603e+01
2.199597362660956890e+01
1.902585851438546172e+01
4.172298083548852787e+00
2.835016836502828852e+01
1.893652579171002515e+01
2.889856300436235159e+01
3.905650607457687329e+00
6.600583373045523672e+00
2.920964025917226081e+01
1.961344702010160290e+01
1.313558087204748404e+01
3.602733621662892460e+00
1.636454640768721447e+01
5.503640624145916149e+00
4.424526250439228647e+00
5.981253202659956969e+00
2.930755318476159488e+01
6.464516291946125648e+00
5.404262571363958045e+00
1.775239127795836680e+01
3.126124978802543808e+01
9.745063151350265684e+00
2.927403822916545550e+00
1.334337315052367501e+01
2.703033902178312786e+01
3.546103128623869338e+00
5.944319611774858458e+00
3.063175477876691133e+01
2.513213512789972981e+01
4.827831162249233188e+01
5.795158462242198993e+00
4.199175153480312872e+01
7.600828834401937684e+00
2.172581323598922154e+01
4.410219186475354292e+01
4.086973189828329822e+01
3.419852600561587508e+01
4.611430506076345637e+00
7.527227385583728392e+00
8.468826501406340412e+00
2.677695678071438579e+01
4.041334612041335106e+01
3.867491766388616981e+01
6.233013261529947613e+00
1.873054382488834335e+01
5.016924814011289868e+00
3.570957583779716060e+00
3.012117376156790982e+01
4.167569503456448388e+01
7.233745342405015322e+00
4.139162166708689483e+01
5.040158104977166431e+00
1.104108986095937439e+01
7.975969924344440187e+00
1.971245467137417506e+01
2.042581433006230895e+01
5.246789700713804905e+00
4.804662282585898225e+01
1.074580269637149854e+01
1.691613807606924524e+01
2.953589970023939060e+01
3.601938906367401216e+01
3.287649614518954166e+01
4.706212252642978910e+01
5.685313077614097210e+00
4.767082730966549065e+01
4.323258384814383959e+01
6.783307657948654423e+00
3.291914848357355083e+01
8.014672932745924072e+00
4.998766112226761038e+00
9.138164762557778431e+00
3.266718334743767116e+01
1.352562542739738660e+01
2.599566663003434996e+01
6.608462258580530602e+00
2.624156807220182941e+01
4.672438149817836006e+00
1.810228569030715562e+01
1.408188581277970286e+01
4.152817805470078838e+00
2.376810370443749321e+01
2.110309522703042262e+01
2.386320404146106000e+01
4.111032244548724179e+00
1.773245006897731457e+01
5.317676257670498785e+00
2.351522973718896026e+01
4.793694517942114430e+00
4.446127365718312774e+01
4.195185569841676454e+01
5.528498680850418623e+00
4.564337840940495994e+01
2.017446891889095184e+01
5.538957918678022452e+00
6.072125585034271467e+00
6.423249190425821098e+00
6.947324601926609944e+00
2.280097464099834781e+01
5.079686274358365949e+00
4.916528077798517415e+00
3.019946275385753154e+01
4.121673963117061135e+00
1.780252218905566508e+01
7.891489495695950040e+00
2.061208443550573577e+01
1.373376404138581108e+01
1.214419395191096385e+01
4.200326212735888731e+01
1.076443722803040259e+01
8.081284626638890245e+00
1.492717607104707156e+01
2.714771061550023745e+01
3.817567225765294836e+01
3.788920243787334385e+01
1.664446490530390577e+01
3.161626416967914821e+01
3.520751801800329872e+00
2.426953781659906895e+01
5.163665235726696778e+00
3.338442912487008840e+01
1.886539896159617058e+01
6.347556933378527333e+00
8.965678669601317097e+00
6.066912891909353789e+00
5.875162844356921710e+00
8.437141443761632331e+00
4.893446062872187241e+01
1.683920845185049586e+01
3.376131229756837371e+01
2.300411957823740750e+01
9.048983341146922044e+00
8.409162893004449302e+00
1.237795686038684551e+01
3.029478486570660323e+01
5.931680729014743747e+00
2.335129248527636037e+01
3.624024045048783194e+01
9.756071839439755422e+00
3.536895334438890615e+01
1.827743888086000368e+01
3.878330806226003347e+01
1.587993450577984333e+01
2.097157922012436870e+01
3.178853350317580606e+01
1.118232397642837839e+01
2.339086457441973721e+01
4.981697651396895310e+01
3.082778673057430296e+01
1.736316626636492799e+01
5.307161693663914548e+00
1.665972524018442869e+01
7.536975169789357665e+00
1.605864519188261852e+01
2.003428197350113749e+01
6.292687043064560726e+00
2.339817090189637838e+01
2.808137041697913361e+01
3.779982947819861749e+01
7.448681751433198883e+00
9.266910704311342784e+00
1.304577268463953033e+01
2.883978953462562345e+01
4.495515254429036389e+01
3.014063952492550413e+01
1.819629313636967538e+01
2.751860766184309881e+01
3.172374300619178200e+01
4.708208632950260153e+00
2.675860319847996038e+01
8.903407291540901269e+00
2.779282858914198329e+01
5.652316325830710753e+00
2.144677604043769747e+01
8.354850559574529711e+00
2.621433909175149068e+01
2.494486634400709590e+01
3.532151629514206093e+01
7.411249569158826489e+00
2.854391414795810533e+01
4.534850939505762568e+01
7.160811130750275311e+00
2.693218791199345929e+01
3.241155353557541474e+01
1.014199309340369837e+01
2.463125077969472443e+01
1.935724470993291391e+01
2.360679212118168380e+01
1.107458947325477538e+01
3.138314123125943667e+01
1.733131616953576781e+01
3.674953969521423858e+01
9.082311607874729020e+00
3.165938047421414581e+01
4.298829223955424794e+01
8.064604960150987267e+00
2.662026828021913616e+01
1.348866753957109665e+01
2.361100930653358887e+01
2.528446306127636944e+01
5.551517551046842414e+00
2.422980519735345695e+01
3.729789240624711510e+00
2.888034298730166682e+01
7.354227436568862686e+00
2.385685474636525782e+01
2.495772954811131683e+01
5.806816348926034266e+00
3.526799821820489456e+00
2.044260904667390832e+01
2.953374208342954432e+01
1.573394242506829244e+01
1.837293570568120060e+01
1.644981452249818688e+01
7.323383380480620986e+00
1.767555103170899145e+01
1.616101022122876429e+01
2.901800116685863173e+01
3.081622685756132540e+01
2.986015762648755612e+01
3.821197113897693498e+01
4.463380255231956539e+01
7.453804018784111918e+00
7.765266061473724335e+00
1.198736016153573303e+01
4.400465887359231942e+00
7.661147340432890473e+00
2.871318544329699307e+01
2.897013589827236046e+01
4.550026386719535054e+01
5.793826575509086751e+00
3.999247368129317692e+00
1.129218240562678943e+01
5.363714879024257698e+00
1.508214936332753098e+01
1.010543651643661178e+01
5.039133591570344350e+01
3.865521890940399885e+00
1.398200627290127329e+01
1.505829385434532242e+01
1.001288567387581452e+01
5.011884520223912887e+01
4.008825583387823599e+01
4.164410990932765344e+00
4.389931937650306537e+01
7.754359478029513753e+00
3.692486704752398907e+01
2.115539763253350714e+01
2.895861717912041655e+01
4.579573968379804683e+00
7.293539264967492386e+00
2.372091126597241839e+01
5.997707069485201714e+00
4.279581385633660773e+01
3.541582056825508573e+01
3.635686400099137217e+01
4.955605999278341045e+01
4.795466238402852355e+00
5.761033699973211242e+00
3.179349312658900573e+01
2.615929802355629619e+01
5.142842917014988302e+00
1.389311181321566835e+01
1.762865888709943363e+01
4.428423195206318042e+01
2.607893524623671766e+01
6.926889996446064401e+00
1.651391285195457215e+01
4.860366770026457317e+01
4.312530806266754979e+01
1.250574881222303247e+01
1.687713661054510794e+01
5.309484501004888557e+00
3.224207300585717917e+00
5.570809054237713553e+00
3.428522897177291640e+01
1.766122965778710352e+01
6.856685598268342119e+00
7.520791659872571699e+00
4.182643037380941564e+00
4.796779210205394861e+01
5.531416004974261114e+00
2.406222674475074541e+01
2.607062750734258572e+01
4.195362968606440290e+01
4.182788949459375516e+01
4.135578190553106737e+01
2.382991445133069419e+01
3.598086354416877697e+01
4.458731118931293480e+01
4.135415660803701599e+00
3.931860060050155425e+00
5.599304227582678095e+00
5.553528934062569533e+00
1.290660505465339725e+01
1.108389068133381272e+01
4.918827526386834847e+00
1.771417369931809560e+01
1.783411879390439481e+01
5.726377220194237339e+00
1.084772771746027331e+01
9.469651657769304620e+00
4.759167599417978067e+00
5.202961794634191506e+00
8.152871724112586094e+00
1.924239230275210844e+01
4.274269130438611342e+00
5.428023330119003731e+00
8.298637522156340651e+00
6.082320651885851248e+00
2.923517388691806218e+00
2.002839120239836745e+01
3.160356462846149839e+01
7.592143199339858484e+00
3.625800381539960426e+00
1.607356154740850229e+01
2.493430687649973265e+01
2.558284881323605475e+01
2.093690549564492187e+01
7.012049872195490252e+00
1.208074944903184189e+01
5.906378399918352784e+00
1.909038315737360847e+01
2.205207699265832844e+01
4.518107840257968633e+00
4.101513838984203630e+00
9.995432243519488225e+00
3.725471845776722546e+01
1.482453892619065527e+01
7.856655119946168497e+00
1.149562156473717778e+01
3.241873400264685756e+01
5.356624317083088727e+00
8.668672814117329040e+00
9.905016426346335834e+00
1.110777628967338160e+01
2.545197019500182023e+01
4.767094789726030513e+00
5.753526492317746488e+00
5.918998890880629915e+00
5.912799302671402302e+00
5.405108040951617454e+00
1.964027027502326916e+01
3.173175662994196955e+00
4.171187181839428604e+00
4.063496844073469560e+00
1.915159311724447377e+01
3.752355248973728408e+00
3.629975871713170932e+01
4.067863578120892498e+01
3.414207070806362054e+01
5.860676639670742816e+00
7.282367769728509188e+00
1.833016637987176978e+01
5.114228959952001219e+00
2.990750596700957686e+01
6.075067982344577899e+00
1.284564419295740834e+01
5.313048291124971456e+00
6.480499187535130545e+00
1.197192182592489473e+01
5.622298161767403712e+00
5.333228842787363533e+00
6.868591487697173648e+00
1.287279137173072741e+01
3.990399021212510888e+00
4.128357593495607603e+00
5.564104009915894267e+00
4.030605233959605016e+00
8.277128855768580706e+00
3.414102678041146532e+00
2.020132431894627700e+01
2.625366495438541392e+01
4.647998872719134766e+01
2.460487331103247755e+01
4.217710912409047097e+01
6.545097199892524031e+00
8.885623114793176569e+00
2.969216618317663148e+01
2.981696864865855190e+01
1.468477522102152477e+01
8.716526601121728390e+00
4.789530695913001068e+00
5.532297013409390729e+00
5.042588003015566755e+00
4.043476654024249939e+01
3.135758211029340714e+00
2.953943105519918788e+01
1.010672996120527500e+01
8.954783337771274887e+00
4.596047838633040783e+00
2.687192121703367320e+01
8.569897589522184944e+00
9.852458085423350553e+00
9.459968619220006758e+00
2.926016427961091892e+01
2.972442003520754383e+00
5.992016734533819999e+00
1.514982197041985046e+01
7.548460061867515947e+00
1.111027463669393001e+01
8.634390631647136161e+00
5.663348168937474725e+00
7.931885289629391877e+00
4.172153081517095075e+00
3.945869921302843863e+00
2.743500228334583824e+01
3.074838884947244111e+01
4.798875154239574670e+01
3.192649136653486153e+01
1.812257003731096461e+01
2.586105049058133432e+01
7.863275814814386422e+00
2.248337705582146384e+01
2.774889265998723431e+00
3.704119303339248859e+01
5.324604719927236829e+00
2.080515246305562016e+01
4.226812291006234545e+01
5.332529474491465749e+00
7.485682047381217785e+00
1.766866731848887184e+01
5.889619088304272054e+00
1.133064400536524374e+01
1.251686864643424713e+01
4.174897842401931314e+01
8.272277666215359204e+00
5.453328109926786738e+00
1.685206066047767592e+01
3.206254471939230655e+01
2.892615692069708189e+01
5.200904450495215769e+00
4.164596286144515602e+00
5.831211245614412064e+00
1.827416999352010407e+01
4.942649195138405105e+01
5.562060300591355144e+00
1.315916467529810063e+01
8.529329075997566179e+00
2.889867572996106304e+01
2.677809297189462967e+01
1.077539020665572878e+01
1.071898917162468479e+01
2.376858535137235151e+01
2.795867392876360924e+01
9.654938779390633385e+00
6.296027152530825788e+00
2.459684718543080351e+01
3.657501597617453371e+01
5.616912888469073550e+00
3.532480826261121365e+00
1.746730414264013120e+01
2.392949599717137232e+01
3.478166640118035957e+01
3.701528919148265118e+01
1.988878047178251052e+01
2.409075292424017789e+01
8.269743542172903972e+00
4.226329547964535749e+01
4.394324872032512985e+00
2.435612821932608085e+01
1.043485284201362617e+01
2.157274966096304070e+01
5.407625395272347646e+00
2.397680200462230005e+01
6.375925992560937061e+00
3.654891742931972232e+01
3.210252418786771500e+01
1.919496718002640989e+01
4.296502197724400673e+01
2.680268003674527932e+01
4.528676067780013170e+01
1.537638051486260338e+01
4.533780806685097531e+01
2.856743974306168354e+01
6.617986779276890275e+00
4.049072147156406487e+01
6.275254132668848683e+00
2.865491910518643692e+01
2.319633995396573312e+01
2.676710890615414229e+01
5.832879810622557670e+00
1.563269045345656139e+01
8.400666065543617833e+00
3.036363853755806019e+01
6.055601291710559053e+00
5.110939255244176138e+00
2.018673825093138419e+01
4.208695280990554011e+00
2.106126011377315876e+01
5.408895830617183265e+00
4.064396030158405893e+00
1.146167333012886047e+01
5.881154623946457605e+00
7.145129355499477697e+00
5.630095730322622671e+00
2.668366505977235192e+01
3.680255831739318495e+01
2.204161842372543845e+01
2.300937545790181105e+01
6.273975821586688539e+00
2.184933876739088987e+01
2.017824462919904249e+00
1.917052887159211139e+01
3.030400051413202078e+01
5.114192841251735899e+00
3.499080018028807615e+01
1.937278169951017048e+01
2.321841539038538826e+01
3.706463807133913946e+01
4.722773336918535847e+00
2.577435677574841577e+01
4.278966976486714202e+00
1.468897618034863228e+01
8.416826740993414546e+00
4.778515200694030796e+00
2.551792354571480814e+01
1.774683051727133432e+01
1.515434270001831862e+01
1.360022173608777507e+01
1.814040581719847012e+01
1.211722328864416909e+01
1.127342223926912368e+01
3.055090754460558600e+01
5.637780795659494970e+00
2.807033083480536817e+01
2.587409598460406812e+01
8.857880661501184250e+00
2.399352119349326529e+01
1.914354202031356067e+01
2.684179427672809481e+01
1.118137050585110615e+01
1.822402459538145081e+01
2.200601812831715165e+01
5.436834607866174451e+00
2.275715258033400801e+01
1.073778282335246104e+01
3.598607974913093699e+00
4.954888300730640793e+01
5.258937815262882509e+00
2.688971124231125742e+01
2.985776946388384800e+01
2.856422246072353488e+01
8.691901695581762510e+00
4.093050570370333929e+01
3.019986029765244950e+01
1.379063676327029953e+01
1.751355786388961633e+01
3.204736427928035880e+01
2.741128920393375523e+01
4.564332359069220502e+01
4.532527290358842720e+00
3.601942918588860465e+01
1.011861329278640653e+01
3.566038867739156615e+01
3.435984015155641913e+01
2.813815520026435024e+01
4.059065880499460377e+00
2.213980803973976208e+01
4.673789886795525916e+01
4.118988436876529136e+01
5.579880228368509165e+00
1.639059059100900129e+01
2.616769457084264161e+01
3.873155282729045013e+01
1.456354188336551658e+01
5.161704117193878005e+00
1.281409292180848070e+01
5.554261859853639294e+00
9.293448361613272368e+00
3.941873065304736201e+01
2.702186684771602643e+01
1.166780136638730880e+01
8.091883843702461832e+00
4.420657911337028168e+01
1.867116449803555156e+01
3.512222099383279783e+00
6.990443220363971477e+00
4.333982906627780096e+01
1.804899119498408311e+01
2.078739248334173340e+01
4.120749099207480981e+01
3.060939479762666338e+00
1.824316007572826948e+01
1.387032897312425916e+01
2.471544959155311005e+01
5.717448748380149937e+00
3.582930373068104046e+01
1.611767170525396864e+01
1.045419212076325266e+00
5.076598607324882551e+00
6.426714531069023906e+00
2.820185885683818583e+01
1.241878214219264009e+01
6.792488305540686611e+00
3.772142167627535514e+00
1.806101918865411449e+01
3.946859737733898044e+01
3.727254744344577375e+00
3.087163147496578119e+01
6.027248623875649969e+00
5.105569838909772784e+00
6.829995904698677123e+00
4.398473156529149719e+00
1.205126300675679829e+01
1.774309873079383237e+01
3.592800797237606503e+01
2.205991536131772079e+01
2.333889592414034553e+01
4.148755482660533289e+00
4.189828116407682046e+00
2.187074332379641817e+01
5.989813836179024520e+00
1.119989880264149917e+01
4.169893499609556642e+01
3.063120139261341279e+01
2.570076558059642480e+01
2.950026131675375751e+01
2.644247973464268142e+01
1.550427773296088674e+01
4.145356422305752631e+00
8.485466093887936267e+00
5.947328655526987973e+00
1.185217467568718064e+01
4.082183532136451021e+01
1.158184026127899813e+01
1.410429062354423024e+01
1.131570581754792215e+01
6.996426737279634267e+00
1.122389765428411579e+01
4.204953735650471458e+01
3.074787262736936810e+01
4.725194595281948295e+00
5.663999752647725927e+00
3.130458230134438935e+01
4.695581186704558263e+00
7.160856154124061845e+00
2.524721091004256834e+01
6.099677059537569335e+00
5.834781148520121974e+00
2.437721586842198462e+01
4.128348343471188286e+00
1.252673416497700032e+01
8.126726391098273439e+00
3.068130690256366222e+01
2.025979935009821986e+01
1.313238852020549530e+01
1.820295800993839919e+01
6.171583245303153831e+00
1.649929056213956358e+01
2.473846234550832435e+01
7.931170994828562471e+00
6.034613669505048961e+00
6.051074461503006319e+00
3.652757547564746687e+01
6.063596400086950666e+00
3.077506520649460953e+01
5.461464653419398019e+00
1.741333618986622866e+01
3.478837419310690393e+01
2.119874420699919426e+01
9.202700937372654266e+00
1.698762368736878159e+01
5.601054400061130423e+00
3.041196748692318863e+01
4.952630351418420673e+00
4.479540986113515544e+01
2.138645098740629180e+01
5.514825838568256700e+00
3.322338721103191972e+01
3.132519943488446756e+01
3.532647735318539617e+01
2.216684086062531378e+01
5.514456462621495803e+00
5.096390264669182102e+00
6.336123470036270078e+00
2.425448365108424298e+01
1.085217416158724291e+01
6.091427154072860617e+00
4.690892434810436384e+00
1.319050810389033757e+01
3.890718954572186306e+01
6.613538997723409807e+00
8.549897545032678181e+00
1.597937137916282779e+01
2.613772458924572817e+01
2.407405379740100670e+01
1.033346751510838146e+01
1.984534440849421344e+01
6.273553424016625968e+00
3.595620439012293446e+00
1.302699378649265327e+01
2.981799463842307318e+00
5.335327305348087634e+00
2.670193102998290868e+01
3.197303728192169103e+01
9.785714136098135896e+00
6.513680109386811523e+00
4.762011053201995736e+01
4.493512612005009288e+01
1.757921598473117797e+01
2.909653953791396219e+01
3.262524601267639213e+01
8.681843455517110897e+00
5.507341871919038567e+00
5.538566528914273590e+00
3.745578022529102213e+00
2.634790096918986535e+01
1.344905307248242821e+01
5.405879644542253004e+00
5.441817672274481765e+00
3.688774242265036207e+01
6.698446344300435840e+00
2.049895566207392505e+01
5.558504119520321751e+00
3.765397771211505074e+01
5.220831804879807692e+00
3.338995491929811976e+01
1.421136032090558388e+01
5.550054570561371747e+00
1.732729652645549834e+01
6.625619855430201710e+00
1.384004471047717288e+00
2.974905075399069432e+01
4.191763036482114302e+01
4.129759071732409836e+01
3.114877959734217683e+01
1.473795423867288434e+01
7.825584845271379208e+00
3.730098847941524554e+01
4.672282371187997541e+01
3.561263170692058111e+00
2.051217296349096841e+01
5.323895543379833839e+00
1.253218027504914289e+01
3.468358874282267834e+01
1.900242531634988552e+01
1.322642016416300237e+01
2.106160484959191592e+01
1.816617742205519903e+01
2.883121155275971148e+01
1.152004704757912634e+01
1.217076842297697681e+01
2.566239700807307145e+01
5.092298608256172088e+00
8.148125339780236231e+00
1.135463815548835953e+01
4.995474576598304850e+01
3.307375981472050341e+01
4.013924552939812429e+00
3.342753742344190471e+01
7.015592095393429872e+00
6.007404509768306866e+00
3.036956045855972519e+01
2.085568243824376111e+01
1.605004756248462172e+01
1.425313178053789898e+01
7.037555097655229019e+00
1.086672056834913747e+00
2.445523349113662448e+01
5.941606898099749401e+00
7.646794411185709350e+00
4.778670247799821169e+01
4.608158030739275546e+00
2.888494489360405737e+01
2.246096213255378871e+01
6.337610900313805473e+00
1.874093191634047173e+01
2.267999528914316443e+01
4.813883718779292309e+01
1.996505413446674027e+01
2.121392527906985492e+01
5.541025371321524062e+00
6.740952078422395743e+00
2.225835412039488403e+01
4.711179599405269869e+00
4.317303750174352217e+01
4.768614591111256829e+01
1.810597277882951062e+01
1.652334125137643639e+01
5.494306922609837329e+00
5.815039149820847797e+00
2.496464589204033757e+01
2.788028631696112569e+01
7.527465194298457618e+00
4.147717258230485982e+00
5.077585307538247150e+01
5.480533550971372847e+00
4.581762549408980334e+01
3.216630488678845268e+01
2.099605359448287345e+01
6.469869513251410353e+00
3.218070099164008724e+01
4.163063930364117482e+00
3.515443606388829068e+01
3.575381418235883046e+01
5.771974437286843340e+00
1.855172859531965912e+01
4.928139793905785382e+00
1.414794932687631501e+01
1.177622173247038972e+01
3.776546398780908476e+00
3.986921544228280823e+00
2.160279534023214865e+01
2.490430582583650221e+01
1.040054475667646727e+01
1.499886790715427765e+01
3.066346313429335169e+00
4.407789565622209693e+00
2.738110828326977497e+01
1.442071750135674790e+01
1.874759639282132184e+01
1.672545070050327354e+01
7.797644604610567853e+00
2.933439710325203009e+01
4.720073058748289441e+01
3.887155150609364540e+01
5.824578338160520730e+00
5.006895676874563605e+00
3.104390531997356106e+01
1.058173933351353924e+01
3.691195554759988795e+01
5.483377746208375925e+00
5.829862169776177439e+00
3.913171214841369761e+00
1.848266609042828179e+01
1.941495679390500584e+01
1.030236840874256643e+01
1.256622071154220066e+01
7.487663256119873267e+00
2.204372551745198905e+01
8.188261990413352009e+00
1.950807973101906612e+01
3.566402731048736996e+01
3.084164365847595946e+01
5.747198319143592471e+00
4.649951299072753841e+00
4.821837216766846979e+01
3.699308949518199086e+01
1.254167049516335908e+01
4.460093327952293407e+00
5.915795652048672082e+00
6.675708976371268477e+00
6.181226110709815202e+00
1.786707362697265467e+01
2.195756033859821343e+01
8.429239792112397822e+00
2.018406184650365276e+01
5.259229317884475563e+00
5.286871639840043713e+00
1.856726738827575218e+01
1.682303049685377516e+01
1.095995651239923063e+01
2.240185476340242587e+01
2.990648304098625232e+01
3.619747658233401211e+01
1.523704864529810266e+01
1.477608482301056370e+01
4.821867051850634311e+01
6.763444675304924658e+00
5.767441705703376442e+00
2.241930656315901160e+01
4.953756144033339126e+01
1.899741844006902625e+01
5.911113391743356260e+00
1.785650980475944039e+01
3.130764583137418100e+01
9.627373818708605313e+00
3.889274783702627047e+01
2.666087175303883328e+01
2.816868413616333555e+00
1.772842925485872456e+01
2.274289888755505729e+01
7.358125359091090445e+00
3.590196697664089243e+01
3.005020880083243640e+01
2.694543692269117940e+01
1.536412850455852208e+01
5.372556296386321151e+00
6.123698439514086544e+00
7.959836826396156084e+00
1.902912239821519336e+01
2.848167702709036320e+01
5.338312957841409911e+00
5.286751274970086456e+00
9.645497872614527068e+00
4.102916978934237591e+01
1.218013529758147229e+01
4.722157409758547431e+01
2.811378230012287815e+01
6.118430668846471576e+00
3.690782943807477068e+01
6.371410170569646425e+00
6.539148620395295097e+00
6.956624829430268164e+00
5.364668263906736456e+00
5.555463476484320040e+00
1.337208062561217048e+00
7.153801362191558155e+00
5.463924139321065354e+00
9.626577526062803258e+00
5.892887364054828936e+00
6.152808189065808619e+00
5.065001404200248203e+01
5.779100327221001976e+00
3.677887311373243762e+01
4.238892120424353038e+00
9.058924665255744912e+00
2.692370114428129568e+01
1.991650471012077617e+01
1.296924725542963586e+01
5.516143970028934973e+00
2.251918414697253468e+01
4.542906014146993243e+00
1.048716001198252457e+01
3.942856800138486051e+00
1.486662619252972206e+01
3.280808987936411825e+01
6.109966491611089623e+00
1.899188448067695845e+01
2.215384404220942827e+01
2.902915399415211084e+01
1.520167550244117649e+01
4.864244594800938160e+01
3.596020496605685679e+01
1.559183462160942213e+01
2.019293970971146734e+01
7.456303712077698265e+00
3.977828154238821412e+00
1.460620743825913337e+01
1.973053519343436335e+01
1.909773691549077057e+01
2.081202188676067522e+01
3.891379956488489000e+01
4.347816792160611499e+01
8.414184730429710157e+00
3.558197257990286744e+00
2.874484422277878792e+01
3.268606243099190323e+01
1.730212355075786945e+01
2.368996286140701102e+01
2.673120928699118792e+01
2.737499606475836345e+00
1.256430564759381241e+01
8.060704208592895270e+00
9.493989348990538701e+00
8.896631161589354519e+00
4.375722826888733152e+00
4.323012669668850094e+01
1.981474484700405014e+01
4.318295420759242376e+01
3.779527544601705813e+00
1.091675626965836443e+01
4.125056497647371145e+01
2.907662226659862625e+01
1.789314544071338275e+01
5.307372478709694974e+00
1.128885751043647190e+01
3.884011089673484207e+01
2.905629361945397449e+01
3.571704133987179830e+01
4.856962943880844819e+00
1.090952814384021963e+01
3.010272847095373550e+01
2.095354602504330899e+01
4.190161755659531906e+01
4.807928312712920160e+01
3.150245330444555236e+01
2.622880310235924384e+01
3.084606788150659185e+01
3.495462179266210967e+01
1.295243281364822963e+01
3.817584348879549339e+00
7.042804750877635911e+00
2.204905211836823753e+01
2.761985649641388108e+01
4.976811827994211512e+00
3.506003517598177410e+01
2.066666827072471335e+01
4.265783571138527464e+00
1.317969179248370892e+01
4.973907318702354274e+01
1.757235318369993138e+00
2.962832521486936344e+01
5.422210059770449675e+00
1.469970337415388428e+01
5.822354449048290803e+00
1.824868226066016064e+01
7.352434894213075722e-01
1.839685747984259478e+01
1.221361268917578968e+01
2.878194564003674571e+01
2.616821543958815965e+01
3.854075257327127702e+01
1.632833141142673128e+01
1.626337173573665495e+01
1.098635581722405163e+01
3.465749097391849887e+00
2.998260665239811829e+01
2.675167711986366470e+01
1.670819030816031159e+01
1.548083725620497830e+01
3.622399248734424759e+01
2.651689102483491922e+01
5.542673108552676808e+00
4.175984275657867784e+00
6.095453170858249337e+00
5.451062943198579092e+00
6.054991734322626940e+00
5.052169152116509565e+01
5.651740641172253277e+00
1.750895575377030866e+01
2.936852552459262711e+01
1.240127356476891407e+01
6.141920481414970823e+00
6.914400526279408155e+00
1.945035228665034310e+01
2.029869467915825965e+01
2.700077758493812041e+01
1.993336100754930840e+01
5.394500139795411542e+00
2.331684593436504827e+01
2.659363408068273316e+00
1.502188914235084383e+01
6.254283477000981861e+00
1.541405831335822540e+01
2.586012060483896846e+01
4.594692831774160879e+01
4.565208295668881533e+00
9.980500851031820275e+00
4.549908895316482926e+01
1.576078689891741647e+01
8.561672574968554272e+00
1.555008536532955077e+01
7.801246891342202616e+00
2.459040526301581053e+01
3.828927352397641926e+00
2.356172377346305780e+01
1.187239460959483495e+01
2.333710079836805562e+01
1.146643922870802612e+01
2.898462564574018074e+00
5.225348221302425600e+00
3.396006683292398520e+00
2.489425659786526523e+01
3.203440359578769403e+01
2.282002873642107943e+01
6.628923781167785023e+00
4.238839777054042912e+01
4.380062940371345803e+00
2.321956936527615767e+01
2.503965533061915494e+01
9.822644476739696984e-01
7.624032732547163960e+00
2.495709943546546583e+01
6.332097522532905032e+00
2.408617792121020784e+01
3.366551913324755674e+01
3.001713246686096426e+01
3.436704673562820034e+01
8.221517516763469757e+00
4.135283077185107459e+00
1.325377177414308960e+01
3.450658351935663148e+01
6.610671670715618120e+00
3.344649739144017531e+00
2.330400824403163540e+01
1.008801423704477429e+01
3.400045816334269944e+00
6.592458259221871231e+00
4.476533634182246146e+00
1.875755162798859033e+01
8.203227252770048494e+00
9.510733279505103610e+00
1.114318156805535409e+01
4.430896508960316282e+00
2.096316450772381756e+01
1.094294045446568475e+01
4.890781347683847713e+01
4.750435348966718152e+00
4.268328985153488020e+00
2.679846632624820302e+01
5.275060972998886655e+00
3.639422811089914944e+00
4.953722920229999716e+01
9.498296235104135121e+00
3.503369829776618616e+01
2.222181378416354391e+01
6.188566107327758914e+00
5.613810468074973414e+00
1.310864396940868914e+01
3.970444865632971698e+01
1.902872928649998130e+00
2.284067352453160993e+01
7.698470901992834570e+00
2.995133117944592271e+01
4.567587794357712028e+01
4.741482401856044504e+01
5.064111712606987226e+00
1.567380094182595940e+01
3.249949279829534987e+01
4.683836054704338636e+01
9.736874435695781926e+00
3.876135002031128352e+01
2.761930220884727305e+01
3.832095779295170246e+01
3.605666378327043731e+00
4.947410613831422665e+00
2.270974854812712351e+01
3.641934581951772998e+00
7.470852771358039490e+00
5.534411272450341812e+00
7.661363479373491714e+00
2.884764227500320288e+01
2.574579203784162473e+01
6.586723855891165158e+00
3.043603987417054668e+01
8.187872589678946156e+00
7.893914500661466604e+00
3.636870724850294323e+01
1.044099088466269620e+01
3.685948108996952044e+01
1.552394747617255177e+01
1.888895801749325187e+01
6.421971870125673831e+00
2.062677971714235525e+01
3.116872145535646865e+01
3.735795999005964063e+01
6.711156083807182426e+00
5.062268793353240426e+00
6.791526402074907764e-01
1.192788437950675018e+01
4.444952528032118266e+00
1.725159806633416792e+01
1.709226962217572066e+01
5.343837769142240290e+00
2.462128222150094814e+01
2.343353335349279121e+01
3.494121781165223695e+01
1.363269787504492569e+01
2.854172479064536816e+01
4.817300075957078320e+00
1.798030177866483825e+01
1.055645473734020356e+01
7.125458270890163703e+00
2.584467666622815329e+01
4.320230016154557262e+01
1.012771726717896570e+01
1.303312141784844869e+01
1.709327172142428708e+01
1.647046476254998026e+01
2.235246562685605909e+01
2.654138884633268702e+01
4.320377380121542643e+01
2.420464545807602974e+01
2.727533715866430697e+01
8.836071764509156878e+00
4.171905958510851775e+01
2.245677160833963626e+00
3.720393339600732929e+00
2.725414136839414425e+01
3.432797551661145263e+01
1.182934080939463684e+01
3.598227698792598517e+00
8.033527769354961379e+00
1.830490382733552224e+01
1.816114695767315368e+01
2.624115762650682626e+01
2.302068616915340726e+01
4.880154797042692394e+00
2.840039872182225622e+01
2.195255275631414804e+01
6.927312489830825371e+00
6.178118572531275277e+00
2.503854206027378382e+01
5.852217350462780132e+00
1.097965454010893893e+01
2.834587897599074324e+01
6.421194756409263960e+00
4.958123693278761834e+01
1.315012719824821374e+01
4.787348765824538788e+01
3.695503637385111517e+01
7.755324946055665691e+00
2.295105970268059536e+01
4.256009004055499645e+01
2.876934019659603337e+01
4.545085299333365469e+00
1.970531096437596830e+01
2.049926034296596811e+01
3.985720302599380460e+01
4.147586796554096367e+01
2.858760995078142031e+01
1.805987142450784688e+01
7.920446952786718953e+00
2.818217424929530068e+01
2.476648026093754140e+01
5.776182241370193537e+00
2.676214964448197975e+01
2.365423162419878622e+01
3.788436333307321746e+01
7.492148998605060228e+00
2.537913876466518559e+00
5.827886091780285938e+00
9.055057677907285552e+00
1.257349156047384042e+01
2.844894826539161414e+01
1.310943744727694593e+01
1.944769818966364028e+01
4.969392764362240200e+00
6.269471791333074862e+00
3.059458069224149313e+00
3.949686619821719091e+00
2.201836255167660283e+01
2.208619189470314836e+01
1.905270484345128068e+01
4.155697777973954032e+01
5.125379956783831403e+00
4.701180100431991349e+01
3.656640363206804523e+00
2.132726078528797586e+01
3.272105300539883643e+01
1.635862314467587453e+01
1.255408759686451958e+01
1.541223541504209038e+01
4.717004113568918910e+00
3.149705682586751010e+01
4.820495920294535352e+01
1.980315822399072090e+01
5.490416743583182324e+00
5.933185548579871238e+00
3.097007274847470626e+01
9.873773612644740183e+00
1.921771431689187182e+01
5.694818870357153173e+00
5.186410451624098528e+00
5.627033507731525219e+00
3.715763994956660099e+01
2.289462328729823071e+01
7.292426368857007901e+00
6.221254202254939969e+00
7.436257969616008268e+00
4.316017589150769851e+01
6.190746721291901622e+00
4.974382304544548106e+00
2.296234123212155964e+01
2.634541314658184064e+01
2.730318466604393990e+01
4.005530220144876807e+00
2.540868177718422771e+00
5.607098126625331247e+00
2.191370166206911563e+01
6.886100053634493179e+00
1.711455797644870813e+01
6.070723509344119861e+00
2.504967162210481035e+01
2.549149580607610233e+01
4.329710697633416316e+00
1.143553588861030335e+01
2.827182664705203763e+01
4.214640928604106307e+01
2.613624575131970573e+01
1.753431418822452770e+01
1.057006941070733319e+01
1.521335270062614597e+01
2.700764073962164957e+01
1.853484207746770096e+01
3.592437468526271260e+01
3.087484164637125872e+01
4.352520096907113611e+00
3.264186163851997691e+01
5.430859589101132201e+00
3.886221103107453700e+01
9.362957482662494613e+00
2.371090694140680455e+01
1.333066683300063460e+01
3.809395864021738021e+00
1.975355005071861569e+01
3.090519691619354603e+01
4.073963911529815363e+01
1.396670353903762418e+01
2.639190261656420233e+01
1.490118179140141308e+01
7.030514651442203444e+00
3.591009794657651355e+00
1.420635507199531844e+01
2.058840122115054783e+01
9.897403693000782710e+00
6.826844791068381824e+00
3.987340717391745670e+00
3.664756865925188123e+01
2.290492585358153121e+01
9.212854136675360905e+00
5.084308567431804704e+00
2.720145342463140992e+00
4.932423164130355531e+00
2.906032823159841172e+01
1.800925081593420884e+01
1.610762958835071856e+01
2.301969331085871318e+00
4.355579741422775442e+01
3.341958359979646787e+01
3.628255175775677799e+00
1.787647050702527451e+01
3.089259717649414938e+01
1.483785698794021357e+01
1.959896488390269553e+01
2.138905493158659965e+01
3.873651225599215309e+01
3.784287193676668437e+01
5.068491826481653817e+01
2.248123633645857922e+01
4.730205947270164302e+00
3.938627932462340908e+01
2.284984837644032041e+01
8.941330129138108873e+00
1.522046735459352362e+01
6.317188171521792128e+00
4.920092219283460366e+01
3.582147659895753833e+01
3.501604766023140769e+01
4.080709995799743695e+01
2.860608750455843818e+01
2.406215043960517619e+01
3.544344911724508052e+00
1.949164682971114360e+01
9.458206407381311465e+00
1.653715270218283706e+01
7.183625924387115447e+00
6.471774240114044119e+00
2.817383367814870354e+01
3.300830309525414208e+01
4.219458801093551159e+01
5.353056354241346071e+00
1.108664680231042610e+01
4.959223196868040873e+01
4.842920152421712032e+00
8.719781624710236656e-01
5.316793149809385000e+00
4.553679370153844275e+01
9.892147029313278495e+00
1.690506324779151726e+01
4.115009704170546456e+00
3.689469387731278971e+00
1.060261475952462717e+01
4.238829349412768011e+00
1.930861530788210700e+01
5.584788708219164732e+00
3.877767444167750455e+01
3.182707963773637516e+00
3.323968455959484913e+01
4.750478580502246473e+00
5.155159926408302340e+00
2.732584673147843546e+01
3.668267201978426328e+01
3.398445035532282077e+01
4.075019120882750912e+01
5.976130223618326909e+00
4.160783296396876096e+01
5.213141602654758344e+00
1.842127440618530443e+01
2.166951616207697384e+00
2.857710340859941311e+01
1.815784070347199020e+01
2.614387257411345189e+01
4.780285752607436223e+01
2.880374251035908628e+01
2.516491978025574383e+01
1.833674299490058957e+01
4.150121718689291583e+00
1.463359225676299502e+01
1.208589137206710973e+01
9.049003527891045451e+00
2.697429027555609338e+01
3.401664700974946243e+01
1.821313562344778347e+01
3.216854951118995132e+01
3.385252226191357749e+01
4.189265984396413955e+00
5.845986436130061747e+00
3.055873554610968768e+00
4.686691659723862813e+00
1.481559843219110917e+01
1.065282774817416112e+01
1.127510626831433171e+01
4.586923251948000768e+01
9.012979333107040247e+00
1.820558455881119642e+01
6.359256371472710612e+00
1.098677970577826102e+01
3.809421173556401641e+01
5.565899465364651633e+00
5.717334053646212055e+00
2.343008029451347340e+01
2.436187557075858479e+01
8.536107911281646921e+00
2.796848906048330718e+01
3.357397298981002365e+01
2.435850998045810911e+01
1.777404539645395687e+01
2.053536709568879814e+01
3.225320513145803147e+00
2.610080238896765081e+01
3.304369547515426575e+01
3.941203406059756276e+00
2.955903912246900234e+01
4.453961389469488097e+01
3.212585815347160434e+01
2.777042477696808476e+01
4.612880091817361006e+01
2.805610665503962053e+01
4.097348522505860302e+01
3.571851204315615291e+01
3.656695114554823078e+01
1.762783532298107048e+01
4.197027768869446618e+00
4.019419340083690884e+01
3.979368009589407507e+00
2.154285951708038738e+01
5.079383107143584652e+00
9.004789229284710927e+00
6.343175205439877118e+00
3.377846773434730920e+01
2.705178301350963466e+01
1.407252173177640486e+01
1.560069854837323078e+01
5.000291329014321917e+01
2.206451309201706579e+01
1.725270466276597858e+01
3.185831872870699044e+01
4.596674381923975261e+00
5.640588084015305981e+00
7.329517199662220150e+00
9.333016825782550541e+00
1.701360961165271135e+01
5.546789545742825567e+00
4.062993501570517196e+00
7.310639854596374221e+00
4.026944233313908228e+01
1.775562519307464981e+01
1.209447615939902221e+01
6.656555166357961184e+00
1.821958329418636424e+01
2.733997077453580005e+01
2.600200680926903374e+00
2.018571891196371837e+01
4.467950737234960457e+01
9.009535078666516483e+00
2.156055853100744457e+01
2.426318087838507154e+01
5.328880782630093904e+00
4.020436392913352819e+01
3.173009114367713579e+01
8.551866660664472874e+00
2.948440906923565308e+01
1.316313499132246534e+01
5.324788461229843506e+00
6.813691438578317161e+00
1.081918144337673482e+01
2.649309318961875448e+01
4.030356208348550240e+00
8.971047216362080690e+00
1.110662663909481296e+01
1.707828841355163263e+01
2.838520396150911296e+01
3.252392275944147570e+01
2.296859904853022272e+01
3.036962183735866461e+01
1.638731170056460940e+01
8.662493058520439604e+00
5.531738000361116292e+00
3.911780387842540563e+00
3.605606745315296280e+01
2.491659513355376987e+01
1.992046589550238878e+01
2.375443257911059902e+01
3.710906118999866266e+01
1.656927820668234119e+01
2.818499448349716374e+01
1.851964604649828061e+01
3.649147474351579490e+00
5.395694284339469959e+00
5.505982130175596012e+00
2.552379474006951909e+01
2.054678581436381535e+01
2.977209576027814819e+01
4.851444274551411695e+00
1.407040528998095397e+01
2.412780007942414784e+01
4.574091989578093376e+00
1.438703623452443026e+01
8.022852322487366905e+00
4.058819131810224690e+00
6.289737983348800299e+00
2.830123875216368390e+01
2.850886774379480926e+01
4.594493770667516941e+01
4.146682871328707876e+01
9.345571426726749564e+00
5.803680265351871981e+00
1.221100211725492102e+01
6.670992037295903287e+00
2.165615963844727787e+01
4.152571733167562229e+00
1.796696473690846574e+01
2.202960895807478892e+01
3.971891559402337180e+00
7.551961105867107449e+00
6.307032851503549864e+00
2.833711441893073868e+01
8.683069952796671487e+00
3.430214732471981165e+00
2.021068260428700114e+01
2.483287763975562257e+01
4.757911812730341694e+00
5.798825379278738978e+00
6.910365786149142764e+00
4.903485239741641522e+00
8.353314722184265406e+00
3.321921963819844592e+01
6.273581892424274997e+00
1.689628944702508306e+01
4.276584950490061487e+00
2.968963847389815669e+00
6.848235406490545074e+00
1.908910502412760479e+01
6.272457349074599620e+00
3.914909091307127653e+01
3.759404556496516392e+01
1.770594499729860161e+01
9.103243708567504200e+00
2.579525657095823021e+01
3.175975120747138902e+01
4.514069981717369728e+00
6.486239786831944798e+00
5.643740387907854483e+00
7.988039269011864008e+00
1.799051585135647713e+01
2.596424444920337748e+01
4.490090837052367334e+01
4.791833443606987686e+01
1.374086283001524578e+01
2.183111750535725548e+01
1.289025495778291486e+01
7.815469399974858788e+00
4.819958056997350582e+00
7.839194200418887704e+00
5.601183095876663742e+00
1.903827847923717798e+01
2.106020719106398076e+01
3.995813740630723032e+00
2.823855352921997763e+01
4.244195630475076086e+00
2.687447856984777417e+01
3.417312929906979235e+01
1.749600722343004122e+01
3.878237172437550839e+00
2.794509603748115012e+01
4.140288030260379060e+00
4.775759944135067769e+01
1.954768567597686513e+01
1.642760296081954152e+01
3.282138382716076563e+01
1.924204376399030991e+01
3.142906633825111129e+01
3.042073938361182428e+01
5.262439553738403220e+00
3.836287598836815960e+01
2.679848166828776357e+00
1.922099074668842889e+01
4.793395371918712300e+01
2.261322955597607631e+01
5.671490334687419477e+00
1.789954987980341627e+01
2.491403431070406782e+01
6.928305765116817838e+00
8.721134192418475095e+00
9.652662999363826657e+00
3.777415096412489959e+01
1.853922639254305693e+01
3.105625335101854034e+01
1.697413589369433851e+01
9.118343041608397925e+00
4.070613740819268855e+00
5.481323686487044711e+00
1.380591233270781970e+01
2.613721544792488061e+01
7.506796369013201797e+00
3.069735032829053267e+01
4.813562805523986299e+00
2.061524305118035727e+01
1.409376385718482538e+01
2.681032525900348418e+01
1.084200739420278126e+01
4.165089592626748782e+01
1.648768199735091855e+01
2.692811138990366970e+01
2.748737223897232695e+01
2.652723568944949051e+01
2.192981374605248845e+01
1.953487304167258287e+01
3.979344132456840555e+01
4.766175340977814301e+01
1.025724491423481766e+01
3.868577116406555660e+00
9.428089954383906957e+00
3.024335793332809885e+00
9.925094649012223158e+00
4.059446867938888204e+00
4.387423144662520258e+00
4.258559016313483880e+00
4.944480133716396608e+00
3.317551644151969725e+01
3.571722808609059285e+01
7.558441970456229342e+00
6.005549100943184726e+00
4.069501847511887149e+01
6.026753835703729578e+00
2.892581410351010618e+01
5.709270790217686908e+00
4.541938796097170439e+00
9.359442277227117302e+00
4.015587642734602269e+01
2.145120211238351260e+01
2.002818335352401391e+01
7.242185457934738224e+00
3.969064129389622053e+00
4.103088402226191533e+00
3.000109410185135062e+01
6.875238167035689685e+00
1.050050259341323056e+01
6.387148321597251766e+00
7.212310451893074514e+00
1.819717677530826450e+01
1.111586267992707633e+01
7.377080477545760573e+00
1.016453303481044657e+01
4.582429965387376569e+00
1.468083356019678831e+01
2.360177935926265036e+01
3.909326251830606225e+00
2.620527729398776984e+01
1.935514005998615517e+01
6.388868160908302229e+00
2.556630515791540859e+01
5.408176607002531000e+00
1.821387899271408628e+01
2.113689223823556063e+01
3.825120498110621270e+00
8.860358054970845387e+00
3.333303688577601065e+00
3.244263999132335385e+01
3.389242672580263616e+01
4.128053907882176077e+00
4.073335865255835841e+01
1.296357069529052808e+01
4.024827471254525335e+00
4.963165311917790490e+01
7.278070680441672380e+00
5.506884788242345508e+00
6.419158252794488817e+00
5.826739982663156070e+00
4.798805879817796693e+01
3.978932616212976825e+01
1.966544569856749547e+01
1.893413570605372342e+01
2.062214154855092829e+01
1.801382823328250993e+01
3.281527458292367783e+01
3.044894189307827759e+01
2.689295987721980907e+01
2.845175326682193173e+01
2.672388888630059256e+01
8.991544233352811943e+00
1.320136972654752583e+01
1.071159833487622848e+01
3.314615358997225769e+01
1.536165021761111404e+01
3.328318859439945498e+01
2.951203871346218222e+01
1.984779372423462007e+01
1.886892593055600287e+01
3.877333288537135303e+01
4.838389075453264354e+00
4.177964979375430232e+01
4.765773449412208862e+01
8.735233092023264589e+00
3.592282021000390557e+01
2.189370040414360119e+01
1.393795422801555617e+01
5.020714535582399662e+00
8.343904110470901969e+00
1.211951582635154523e+01
1.910679730617422933e+01
1.272186671982537121e+01
3.337219435841731041e+01
6.341842180534243312e+00
4.196351849129968770e+01
4.978281462737385255e+00
3.960923576639615362e+00
3.591960674971694090e+01
3.084534319481785047e+01
2.869338748174838116e+01
1.325763864730360808e+01
3.762929420310975814e+01
3.834500962053937201e+00
1.766721433477756875e+01
8.509474340745612153e+00
5.051934629110903074e+00
1.698792363480755796e+01
2.185313498210399530e+01
7.720464209208046213e+00
1.717847324235032147e+01
2.930152713180459756e+01
3.251373317998273649e+01
2.903245596963979125e+01
1.244095601704299270e+01
6.820703383703374811e+00
1.486897809755916455e+00
3.801026812919719333e+01
9.498052473908600746e+00
2.760766690810537938e+01
2.442348925588311204e+01
8.312395653861386791e+00
3.193110452933755283e+01
7.436602897794116984e+00
1.820829101638227598e+01
3.358266412081242436e+01
4.428553328369915221e+00
7.231805430730361195e+00
3.169576404442388196e+01
6.183054796518135277e+00
4.044156379539856516e+00
1.575931293604952543e+01
1.562639494499775594e+01
1.123785163440935264e+01
3.373745784785152324e+01
2.948655901195894558e+01
5.242456760316798636e+00
2.564829824717207885e+01
2.792595259160074761e+01
1.421812745756669472e+01
2.621736209708653575e+01
7.974364971408789415e-01
3.716742197422561844e+00
2.099427469409125990e+01
1.966638484387409846e+01
3.606029631502685362e+01
3.299657984229952490e+00
1.568817911929427567e+01
4.427134175550008877e+00
2.011411776875907265e+01
1.119638235807349247e+01
9.566053262930466872e+00
3.108567800437690209e+01
2.828187887445871951e+01
5.254276325721534135e+00
9.628658948356161318e-01
6.791347094835046505e+00
3.005124086802794636e+00
4.628556481505209064e+01
3.890475846598332765e+01
6.851414216442435645e+00
9.288854783416809369e+00
3.911004603625627141e+01
2.001336524869745404e+01
1.543761429422846732e+01
8.100265334832556618e+00
4.495950864098225708e+01
1.416622141812700875e+01
2.005157207908392536e+01
3.203839501442212878e+01
4.587499653434676361e+00
5.355639599232191017e+00
2.519444243889060431e+01
1.715050426180843601e+01
4.109133273414826704e+00
3.964743183868179699e+00
2.128073505880614391e+01
2.371834075220915850e+01
1.474187369662072911e+01
3.156357898772599668e+01
5.708360224290188967e+00
2.961209577607382215e+01
2.140085050613363649e+01
2.860027389187997926e+01
1.738050076425138002e+01
2.173285126203866469e+01
7.016396464260068910e+00
4.694159487367898009e+00
7.418919601850703316e+00
1.928627896124427821e+01
1.336157921263669834e+01
5.414495286006697938e+00
2.543199771620430738e+01
3.267889764190169188e+01
4.640205500561691565e+00
2.696555612486866949e+01
2.097241606314958062e+01
1.122333746431534962e+01
3.651246082741133847e+01
1.710420440528942265e+01
8.270541668543231140e+00
6.324932007803738543e+00
1.721483089170810388e+01
3.123613834030421543e+01
2.005149947394622245e+01
7.662808289530914863e+00
2.324789432489066598e+01
2.416960888221593962e+01
2.416208167518443872e+01
4.181132654113326907e+00
6.835323858180103684e+00
5.782266282002751723e+00
2.661866920428944638e+01
1.014920586362497090e+01
1.975263758558710947e+01
6.815519129779062268e+00
5.445871158315554794e+00
4.442185877032699182e+00
3.339536751644036627e+01
4.202378595204873335e+01
6.241365122562413603e+00
2.190697991942840872e+01
8.068949977421823405e+00
4.324937652790151787e+01
5.094648448723560819e+00
5.383549542275417821e+00
1.147413361371292240e+01
3.999901305870395163e+00
9.656178043918373533e+00
5.215351013616853493e+00
2.637748147163274126e+01
3.315019424174986540e+01
1.865825421653242699e+01
4.520112078621238538e+01
7.035607725281508351e+00
2.672206151094366788e+01
1.046647645193199594e+01
2.312787459086897002e+01
2.545039309606893596e+01
6.709510080152938372e+00
1.167889439500883952e+01
1.943918629673738963e+01
2.613261966748220289e+01
5.386364838788125553e+00
2.784850707149346505e+01
3.514207197080292389e+01
7.088587073221674473e+00
3.030497919534725781e+01
4.863257923301731012e+00
2.188137163007374397e+01
9.503194696688254339e+00
6.892599001614485132e+00
3.308664444364428903e+01
1.933074579327393394e+01
5.826165334538401908e+00
7.349317894236563120e+00
6.988300292838744099e+00
1.560352356024206699e+01
3.020257429615801925e+01
2.524202733801458010e+01
1.621470149105174130e+01
2.488064897943851861e+01
5.090354779446954581e+00
1.107441002142488173e+01
1.800429797758995676e+01
1.506374017514859531e+01
1.037760366303324133e+01
4.361713335416922632e+00
1.982933950723668204e+01
1.472039118218422971e+01
1.868720873785888159e+01
5.600534393656133147e+00
1.150923912482120670e+01
6.192893500722760791e+00
1.857594501120922814e+01
1.100758930702235716e+01
7.704340079340965985e+00
2.393320447520265759e+01
5.475332990985805282e+00
8.878062885952232364e+00
3.676555996614325750e+00
5.520121383766024792e+00
2.921558973171990203e+01
2.740661602337468850e+01
2.102451965799387779e+01
9.056637461484669416e+00
1.560122257711751104e+01
3.006905786244382739e+01
6.948607084586839733e+00
1.143328744455826040e+01
2.453364779658953410e+01
1.201596642132334125e+01
1.456455162480339993e+01
2.428624098819103949e+01
2.024417866736635574e+01
3.159161732801069888e+01
9.694908956752684048e+00
3.275635145348530841e+00
3.727786862361540443e+00
5.576266257246786040e+00
3.683511585029406632e+01
7.243268173579451741e+00
7.569979895952002380e+00
3.134553963825207745e+01
8.151371635522380643e+00
1.553908934481509618e+01
4.910455354996344113e+00
5.930658075141778340e+00
4.645742574408498626e+01
8.250109262101844365e+00
6.962734428839283396e+00
5.929380968088707959e+00
1.175936344509781861e+01
1.079387209928222546e+01
3.031596159951041614e+01
1.701537179860949323e+01
2.299350361884090432e+01
8.341154499590601290e+00
1.965192395302585737e+01
1.794056020899476778e+01
1.164852483240497349e+01
4.316297000002384721e+01
1.062370476665239494e+01
1.906492370125555169e+01
4.835062665190548614e+00
9.440560466440643950e+00
1.829964265075511776e+01
5.352720055870150873e+00
6.189100677608678325e+00
2.944862678899569630e+01
2.131822871394680874e+01
1.701196906907303230e+01
5.794593292578241517e+00
1.297675177208890318e+01
5.157096180933550045e+00
2.752063346078065109e+01
3.666037951614395496e+01
4.128997353118373326e+01
3.687863175890023371e+01
2.373131356328974562e+01
5.026467927643373201e+01
7.843760101699416509e+00
3.320984138627994753e+01
4.471042576110761502e+00
2.051310954470480397e+01
2.804503316346982444e+01
1.181715190631661017e+01
1.235522770576055507e+01
1.925336937710089558e+01
4.327186818776378630e+01
7.622720489991976933e+00
1.192219040561357701e+01
8.718304107017587512e+00
3.220060732907042933e+01
6.937784552629480572e+00
4.098417990964001234e+01
4.832111297986597975e+01
2.097076726034080707e+01
1.715525370343802081e+01
1.363686825987169016e+01
3.008364940505869356e+01
5.434281256552480954e+00
4.161219121508703722e+01
2.664976894517922545e+01
3.318035564407923488e+01
1.996154902199255332e+01
2.680929727720299383e+01
2.833657230665492222e+01
1.852425066909545137e+01
5.488243041383441323e+00
3.044563952722911182e+01
4.582592825491323651e+01
4.272371098464003580e+01
3.230986823043939182e+01
4.964194839326166431e+01
2.691534553283888442e+01
1.431346112604565235e+01
5.427381194653506213e+00
3.694337592894555655e+00
3.354651275201199212e+01
1.306540376845110529e+01
7.201298030511509296e-01
2.377314522708763889e+01
4.173969567530495794e+01
6.415393199175696282e+00
1.547359527554510805e+01
1.292037337673387754e+01
2.389024836141848596e+01
4.148086799971699890e+01
2.072345265234272915e+01
5.430064569999373703e+00
7.209984031565312534e+00
5.587438785860427970e+00
2.857591642982019664e+01
3.055352518848389565e+01
7.088741194151126024e+00
1.028953703301893086e+01
1.009150325665146397e+01
4.291440196259816275e+01
3.111557198320900852e+01
5.366476054097660153e+00
6.634571100925157339e+00
2.261447797121242331e+01
1.963057657069134621e+01
8.431819875517049923e+00
2.705197573380850429e+01
2.212341427911249525e+01
7.224181320421621422e+00
3.188190470819579048e+01
4.505634515000096485e+00
7.875749662231157799e+00
3.340558957520081407e+01
4.502674016599300444e+00
7.746919654461123628e+00
9.975959875762981710e+00
8.984547221146257812e+00
7.370456301674138899e+00
2.077979141546805408e+01
1.713444759725686595e+01
3.916434740950685978e+01
3.251842826104109463e+00
2.600391259094902097e+01
1.440020676954438272e+01
3.667112863799746236e+01
4.435398165623922750e+00
8.913269311743405865e+00
2.488037177361918850e+01
3.110895920964736661e+00
2.678315088392613319e+01
3.778452056826337468e+01
5.555498884071965904e+00
4.370510214929709036e+00
3.865561966824031970e+00
1.791738698817955822e+01
1.501506191426895498e+01
4.393933651304600119e+01
4.163523820828924471e+01
2.041335055989186742e+01
8.156126145343094436e+00
2.150243471410934148e+01
6.416665722553588580e+00
2.089369955367749299e+01
4.983074024154493031e+01
6.333337329306104380e+00
6.073348370841344490e+00
5.262357825626779118e+00
1.360688250219227768e+01
1.204553748191368356e+01
2.109193485437775450e+01
1.045778958213831800e+01
1.461673996681436449e+01
2.278922553438873422e+01
2.006516830769888315e+01
3.263609807735785751e+01
1.765715404917671094e+01
2.928213179269013011e+01
1.608654896967237846e+01
1.727656267721265237e+01
5.782832545498450827e+00
7.312142610253246744e+00
3.368793251057437033e+01
3.843031933267681666e+00
1.822870391967090598e+01
2.573216265085378041e+00
4.060839892701835652e+00
5.757738104754054120e+00
2.820770690943751902e+01
5.134559963337054000e+00
2.275155328941123400e+01
3.677918189587492748e+01
1.560121884290904859e+01
3.940902256510230472e+01
1.018200684748694584e+01
2.995496391090167521e+01
5.069018247035634062e+01
4.527193485562292352e+01
2.886360074040619850e+01
1.811837196343178391e+01
3.606689266856966469e+01
3.554668476800686960e+01
4.560503126639032700e+01
2.290429044067478515e+01
2.427156643467309038e+01
3.242948856227455678e+01
3.081532998953788649e+01
1.046513714596750333e+01
1.992786171505420612e+01
1.893520792765954752e+01
2.095454101362476251e+01
4.671941029862221484e+01
6.711422671616659841e+00
1.881328539443080672e+01
3.171421886622902520e+01
5.486128510189672625e+00
3.644467501930987652e+01
4.038193152672590713e+00
9.940546241273466421e+00
1.133566898463234907e+01
1.450539733703000422e+01
4.366002419961645842e+00
6.579122337813487320e+00
5.816183287790238410e+00
1.790092527943620837e+01
6.687588977979970650e+00
3.778917762485306753e+00
2.651034022695874626e+01
3.716467467936837465e+00
2.759390381992303531e+01
1.795608692231536452e+01
1.925385930832041481e+01
3.145919874167423558e+01
8.426578723284123384e+00
3.659666779156835759e+01
5.549222022822988265e+00
2.592815027937302830e+01
7.819724155575912050e+00
2.910883788035443587e+01
1.524242328125492918e+01
2.422445310973769494e+01
3.818440473013860981e+01
4.560159114234287614e+01
4.517072894776033820e+01
2.964152379205415855e+00
1.092191584095625956e+01
4.996837857870429644e+01
4.677538584441791158e+00
4.748607045030777130e+01
6.151063726681968546e+00
4.167093596182894544e+00
2.404024592216012479e+01
3.336224329965283886e+01
2.516838650143235157e+01
3.132272190969248982e+01
4.642475418030687706e+01
1.130749156216204199e+01
6.536427474155601658e+00
8.433728699692849773e+00
1.878906757515036929e+01
8.257922175626902117e+00
3.013718235939924028e+01
5.367147645349291452e+00
5.352102537411596472e+00
7.469751041779971956e+00
1.404980912477678601e+01
4.558795077729435974e+01
5.072418478899251681e+00
2.532514631616356837e+01
1.054797318032100861e+01
2.884540894476487694e+01
9.970923554607807660e+00
8.483724269746105051e+00
2.745355913745949294e+01
5.730877987509288118e+00
2.721301454661619346e+01
2.081597791377879503e+01
5.435259804172801523e+00
5.721071262743976149e+00
8.538468236273544676e+00
8.111041557059010643e+00
1.210496597162629939e+01
2.808017619829572453e+01
4.681600105475055784e+00
7.995575387212227270e+00
2.075031023185552215e+01
2.253327117528043289e+01
2.862989790370070864e+01
2.429779977695211812e+01
7.006098633353147420e+00
7.823319378713748051e+00
4.099199842389418791e+01
1.080776956879780926e+01
4.384513602559323431e+00
6.681405613518876407e+00
2.756332504443494003e+01
4.219163426573527431e+01
3.341973237310637046e+01
6.239959061308312016e+00
4.123483971848031615e+00
5.521345937261116887e+00
6.067197870511805036e+00
2.194883843263191636e+01
7.143465408432561503e+00
1.697146706808102579e+01
3.205675609046936358e+01
4.634030692881538016e+00
9.937016634724486153e+00
5.353721522568150704e+00
5.681483748799095679e+00
1.375271016259983980e+01
9.114744734804105519e+00
4.408258697292666284e+00
2.773954428289317775e+01
4.580180270497981354e+01
2.206616124964072867e+01
5.022807569883511292e+01
1.831837463406102984e+01
6.380858544791493614e+00
6.301359764007969488e+00
3.737244620525775929e+01
8.472465362354412832e+00
2.497884325616884382e+01
1.174263961350747820e+01
2.172086495656175487e+01
2.397482476645615179e+01
3.989849605788123199e+01
1.740767030690734885e+01
9.447280339743102218e+00
4.100263723706390806e+00
1.017908284008096587e+01
1.714622026996674720e+01
2.011006942431806976e+01
2.107791013871451469e+01
2.328036375507610956e+01
2.192633053543178789e+01
1.981992029635568997e+01
5.785065091561762074e+00
4.536146847592701192e+01
1.464077729883813106e+01
5.543177000227757389e+00
3.392157202693627482e+01
1.913907515149693950e+01
2.716856181940180193e+01
4.117292936182607832e+00
1.443647482543453009e+01
1.777939955560229635e+01
1.714118074678468417e+01
4.978915692840480745e+01
2.237319983240912791e+01
4.152069123856630739e+01
2.210460666028976107e+01
6.396011641789982605e+00
2.799738724837298776e+01
1.867229943485003218e+01
8.705461443328985638e+00
2.522810614961582587e+01
6.096431956910706162e+00
4.794313847222497316e+00
1.265086419292492792e+01
1.902334546298335738e+01
4.744331553277248759e+00
1.143707131491296991e+00
4.107636990498178875e+00
4.540492785620774896e+01
1.750703313395212035e+01
1.973187905897350447e+01
7.748637928924907214e+00
5.187921256451716090e+00
3.080449087229101224e+01
7.237121241686537587e+00
3.312054766100615666e+00
3.030029128016266782e+00
1.849104643873172904e+01
1.816584022047867109e+01
3.518228564508163458e+00
2.214292543287535864e+01
1.265206770126034996e+01
1.088628646741285877e+01
2.670026592342912863e+01
1.598839215454903240e+01
3.453305533316304121e+01
2.730289815282922206e+01
1.045971077195052601e+01
3.002487592134082206e+01
1.928239394843497223e+01
1.805252371405133260e+01
4.299532033509308349e+00
8.823724477052579118e+00
2.559772274826178773e+01
2.368554373534884405e+01
3.221606733384669496e+01
5.657717257676125655e+00
2.866725159187308947e+01
5.522781893849966650e+00
4.852782205589377895e+00
1.344046692617010308e+01
3.145073854185033468e+01
2.580183933868681834e+01
7.490569800951760726e+00
1.846411764135017108e+01
2.341411625094130500e+01
3.002227971630327374e+01
5.215077941688946339e+00
5.604660319168843330e+00
2.612680980986606016e+01
3.880199499973550559e+01
4.512489602190825622e+00
3.596932759371028965e+00
3.666645323487315977e+01
3.610048647593643523e+00
4.410494357252247255e+00
4.460941661380400802e+01
5.084357059519433619e+00
5.552775029848916688e+00
1.313835175952293355e+01
1.817133912468361245e+01
1.085355777544550904e+01
3.172843393670860479e+01
1.857788439241865319e+01
4.217851817135624515e+00
9.342095978995914152e+00
2.050153684695884237e+01
2.697421253218400494e+01
2.465106348537483427e+01
2.833217158787709167e+01
1.825397105648460183e+01
5.046806449756191881e+01
2.991269705835569681e+01
3.039349202944350736e+00
3.427988155114894653e+01
6.255457506146299806e+00
1.444682956666667906e+01
3.194576148195771026e+01
2.490393838513564617e+01
3.034440108372234590e+01
2.402201190518728424e+01
5.027912420585536779e+00
1.319184737635906401e+01
3.076368088097875386e+01
6.280045735904295157e+00
3.982401384281274659e+00
4.134537057096208201e+01
4.158888873376780992e+01
3.866454702592278636e+00
2.208998433090117430e+01
5.377454803880979739e+00
5.468139416688813981e+00
3.085948832279347442e+01
1.856942891016784358e+01
2.616128843520992575e+01
1.700055097232416301e+01
5.249786678748520785e+00
9.381441347655268714e+00
2.115606600627290845e+01
9.635098258965399509e+00
9.054810198760165463e+00
2.109200668199169115e+01
1.176791545508295656e+01
8.365148705531325390e+00
5.723918443983706084e+00
2.439155681445888035e+01
6.110252876498364571e+00
3.109261274793688301e+01
3.699952939702567534e+01
5.787642746211517419e+00
3.562515809925457688e+00
4.805322604544599585e+00
1.973541315784578387e+01
1.079021287763072223e+01
2.903776159363906118e+01
2.507498833491736434e+01
5.078898894886471282e+01
5.958487920078795241e+00
8.341192109849160374e+00
9.159855123285595369e+00
3.864442594547085719e+00
6.622676682190814290e+00
5.284057551924476570e+00
3.572836945085839488e+00
4.877322765464199961e+00
3.662886729852985468e+00
2.170959531449409496e+01
9.305269116056223311e+00
6.843164641511094715e+00
4.585473856642934720e+00
9.342723653753608914e+00
3.166802779171817406e+00
5.809351505101332691e+00
1.499873615392121451e+01
1.002260584138862498e+01
2.634579610263958926e+01
1.714617772727086731e+01
4.543881601518825164e+01
7.388699962193541637e+00
5.414626224623006578e+00
6.834008879143013360e+00
2.083465487834988039e+01
1.570460223191729199e+01
1.242368678022437223e+01
3.011908062218213189e+01
1.831960326396556127e+01
5.067323986239827605e+00
5.159619035359412464e+00
2.814040899309922139e+01
3.270604991155322949e+01
2.283843195208973498e+01
3.935894214655483125e+01
4.594145193778388148e+00
7.758584300261006206e+00
1.946866841362172806e+01
3.583760686275262941e+01
2.020142720668270897e+01
7.055936094945352011e+00
4.476521694263965401e+00
1.308499617840264762e+01
1.358391560167643775e+01
2.277023088694491548e+01
3.483483240596519437e+01
2.738223506757316272e+01
1.886772013193581188e+01
2.410743358364076983e+01
1.987300085393874838e+01
6.073444340399035468e+00
1.995961267545256135e+01
5.591224342017227400e+00
4.253251198227147256e+00
3.965936095217742263e+00
2.952842212679911427e+01
4.766055323819003320e+00
2.281978013841903419e+01
5.396558711664766861e+00
1.439276239741285224e+01
1.670215508063918719e+00
1.497367158039799051e+01
3.367986785254814208e+00
3.889097218895611974e+01
2.077378261343896781e+01
1.253295489272922225e+01
3.032136877653147167e+01
1.161675502427578976e+01
2.807021940788260395e+01
2.016006714583656390e+01
2.332183857799211069e+01
1.979591040329700036e+01
1.851488341624565237e+01
9.027420406982756163e+00
1.878804939365957694e+01
1.797863156759449055e+01
2.275567761448732540e+01
1.373438630946867534e+01
9.848395647940407116e+00
3.606128669780408558e+01
5.526232863682992047e+00
2.693708615176883825e+01
3.204009265303204756e+01
2.828011740899269455e+01
1.508897714274930024e+01
1.406648508321001145e+01
4.471455675538110341e+01
3.543147742585507132e+01
4.510026554846305658e+01
5.665976465827839093e+00
5.155355571026788652e+00
1.613796683166577850e+01
5.096055877721624938e+00
2.928461805779431870e+01
4.550269197301339830e+01
2.596934326116149805e+01
4.210997328265379736e+01
3.485572390367717333e+01
9.653397305340149614e+00
2.253540265937650133e+01
2.844597290886561325e+01
3.827755735168196338e+00
1.424961367177702698e+01
6.863690464726772689e+00
2.770637285124907834e+01
8.732090398584617219e+00
1.612313843119268597e+01
1.344542250678043160e+01
5.856672604967712914e+00
3.637155048502943089e+01
4.102063111520875083e+01
6.642349495938859150e+00
1.999137877823473275e+01
4.215341970711077124e+01
1.662742476031003491e+01
5.729488510955889069e+00
5.280293567460788040e+00
5.165325720800368003e+00
1.268160802820023036e+01
1.438522918522747318e+01
7.538594208987646539e+00
3.583010580357923658e+01
1.814745042248895857e+01
3.651423040057154878e+01
2.474571072793887083e+01
3.538333233220058816e+01
4.682949300489980260e+00
4.552551348069337678e+01
1.496588144449205515e+01
7.628650393142365260e+00
2.998953461673618648e+01
7.962737069887239727e+00
1.897338211692515131e+01
2.287398277324355433e+01
4.555494154721091604e+01
3.199037828832487662e+00
4.515429916101574292e+01
1.619743946388803124e+01
1.312192689073586394e+01
7.310616640429600466e+00
1.454568554568324146e+01
1.326419471299911379e+01
1.933214208519400756e+01
4.487964901043482513e+01
3.497897139326754257e+01
4.354822419867275585e+00
3.110028354032365883e+01
1.795048842332363392e+01
9.069945502196887333e+00
3.494370568126679188e+01
3.869111300406265030e+01
2.055135531504841140e+01
5.517017417888155251e+00
4.167298390029884558e+00
3.836496484413819275e+01
7.923541121132501530e+00
2.110427388775418933e+01
5.398470620803180964e+00
4.247382321020467089e+00
1.274261611486599577e+01
4.011022876526098457e+00
2.429420341160525254e+01
6.488259754940656876e+00
3.089402322254042588e+01
1.690550729783129214e+01
1.155093425396530904e+01
1.753904496735080443e+01
5.517585561847937470e+00
3.018536250181539771e+01
5.134254150367226543e+00
3.190380512746844488e+01
4.194591322185241467e+01
1.615903559054197558e+01
2.143328979635762721e+01
4.921300828617461320e+00
2.997436055116910580e+01
1.862964395987172850e+01
1.702476810951689856e+01
7.576872960792954359e+00
8.236898124403197130e+00
2.907279680428622726e+01
4.612151574156925449e+00
9.543369290399056126e+00
2.302752019760841051e+01
6.298536355003491849e+00
3.060611042800161385e+00
4.595203262445401293e+01
7.013217919594822547e+00
1.003954570073791785e+01
1.848616213872611524e+01
1.920843306735929445e+01
2.281256501158655681e+01
3.573695529176761454e+01
4.302847385029904359e+01
2.628195851204139899e+00
4.587423375027778150e+01
2.441762857901947825e+01
1.587554516414803629e+01
3.890487514782932976e+00
2.199425175104637731e+01
1.586815559198764447e+01
1.949945361033864799e+01
3.090475508390054671e+01
1.974751752127812665e+01
1.318834003351092576e+01
1.296360488236277320e+01
8.413380615708774712e+00
4.995313119314005235e+00
2.882540861284795142e+00
3.573277457742887719e+01
1.017110110286377278e+01
4.133485102967210878e+01
1.375692975041695831e+01
2.125876508053394787e+01
2.479147020290091064e+01
9.464716860982960611e+00
4.589573981437093408e+01
3.226079314761404504e+01
8.302540279149326352e+00
2.745518195830508290e+01
6.807778318263487449e+00
1.487420015111307237e+01
5.009417293013768813e+00
3.227178875817583759e+01
2.452531894547655611e+01
2.234474107591883296e+01
3.224165855888322341e+01
4.957537202822197031e+01
1.761151137803774702e+01
1.919088086127852932e+01
9.180000958450520443e+00
5.872742478864196869e+00
1.420564739033568458e+01
5.231886066934649193e+00
6.210583198256969695e+00
6.954254886465548680e+00
6.782841817709055476e+00
2.219363345636045892e+01
7.440443056665799304e+00
1.347677356144542671e+01
3.781595596864008257e+00
2.593924930356760683e+01
1.624265280529618849e+01
1.767003268195242072e+01
5.051355365901599015e+01
4.791741319710723701e+00
2.415885846665450742e+01
2.863719303375985703e+01
1.250873021737848489e+01
4.336382569163447442e+00
6.933418472828989820e+00
4.286660526096836321e+01
1.570780572120521867e+01
1.087695181624346219e+01
5.935023629255326227e+00
1.924225426323920374e+01
3.931113737417600618e+01
3.926376538330458743e+00
3.211457392121587162e+01
9.399460488658661461e+00
1.821918708672193077e+01
3.897987938157383780e+01
2.303030586392803514e+01
4.950698293121945426e+00
5.692063398227332982e+00
2.893938866019848177e+01
3.950411162333624304e+01
1.665251048222914676e+01
1.808507050375519043e+01
2.748575714781760126e+01
2.236370884316106356e+01
5.371795120055352868e+00
1.310536888499733266e+01
3.589739432900194771e+01
2.563006285325903377e+01
1.510440601386054027e+01
5.836685971052915534e+00
2.492129856641093966e+01
2.335091652514945793e+01
2.580493551652776318e+01
5.634282521493986451e+00
5.812395578180854727e+00
3.898076693242174429e+00
2.435953415208035722e+01
1.960031788401146002e+01
4.787348915725124243e+01
2.437908548109469109e+01
2.231415856134429987e+01
7.647426793328662598e+00
1.009005970635215022e+01
3.975248534556271807e+00
4.723763161979329794e+01
1.272857490671979974e+01
1.746902371898646322e+01
1.007519664453130304e+01
3.236363494333446056e+00
5.140441325256986715e+00
1.512904235567368971e+01
1.027853574281461135e+01
1.534813097713021079e+01
1.636295659930058832e+01
1.683624490240099192e+01
4.437054503097272118e+00
2.997045155188913412e+01
3.506955546559112236e+00
1.402093794131982918e+01
7.738693634526086385e+00
4.735951078272407244e+00
1.205383396453335365e+01
1.832098225062701147e+01
1.659735462237385661e+01
5.784316818991598552e+00
2.157429564053352067e+01
6.415883615019396302e+00
3.930866386275582158e+00
4.560487512224928963e+01
5.817172281082491736e+00
3.022565031859497253e+01
7.115025477644181251e+00
4.034053577254097434e+01
1.495904921700224577e+01
2.928738802043869072e+01
5.514112315650720575e+00
5.394298189532733545e+00
4.388052680205291267e+00
3.604723771142865019e+01
2.892875347825102494e+01
4.979632407523226334e+01
9.238323066466620048e+00
1.693482714540451184e+01
3.174006439425524206e+01
4.153729516372663966e+00
5.460292404202178318e+00
2.877006094221042076e+01
3.205510694467733401e+01
1.993591747647872126e+01
2.994264248464094891e+01
3.825852110571375420e+00
3.674090350694692120e+01
2.512680661569908125e+01
7.290375854757115803e+00
2.078563691524635715e+01
5.354009197190606528e+00
2.539030222833926587e+01
1.793941835785544470e+01
2.580491309252570886e+01
8.176902125359035267e+00
1.852043194098853007e+01
1.251340330224260811e+01
2.469240555954138472e+01
5.704833764375734972e+00
2.936887681826036101e+00
9.651923408273034966e+00
1.228964257728154053e+01
2.624204991483002658e+01
1.547227255934946299e+01
2.452076472903408444e+01
2.060752529779183817e+01
6.136863784269948496e+00
6.616837559536065783e+00
1.354060590924643748e+01
2.073737162059376260e+01
5.667503865196366064e+00
8.829831201896681137e+00
1.918502194832588259e+01
2.207519040254375398e+01
5.328931720719637610e+00
3.540058234232773771e+00
2.410262856287963018e+01
2.387538418384433214e+01
1.754018638510540029e+01
4.749627738554735856e+00
2.949063767730765306e+01
4.970081162843577971e+01
2.715092528283564377e+01
1.910219856130622418e+01
7.714871377125575691e+00
4.503945617283566349e+01
5.477147617801236379e+00
6.207833512781192553e+00
2.696337860450640278e+01
5.754038555478430794e+00
7.572745835126895031e+00
4.619551710491265339e+00
3.439638314219976678e+01
4.467716379887365719e+01
7.688313818877645645e+00
1.663778277029457797e+01
2.289587792816583089e+01
4.581559550869290121e+01
4.061898843420956950e+01
3.989881183099508632e+01
2.685930327694720887e+01
3.375555609194109508e+01
2.462013723909318230e+01
1.648836283445817230e+01
1.400812142527516357e+01
7.228424010056045290e+00
2.203366559401794689e+01
1.151488595933923875e+01
1.223411986071091917e+01
6.663758274074666588e+00
2.440378382040634619e+01
6.753946428866953511e+00
5.771350255111698857e+00
1.686906062120081629e+01
1.327201615194368856e+01
2.260921732573264364e+01
4.328349889398155170e+01
1.483603297883657035e+01
5.071716700347406714e+01
9.080902210502742378e+00
4.962604424984988327e+00
7.454964294185955964e+00
4.001787161883555655e+00
2.630382988957401835e+01
2.019155124569647342e+01
1.928209038378700768e+01
2.009074400455072862e+01
8.185034689135449071e+00
5.615977372036340398e+00
5.571653854085198532e+00
3.925397407385062820e+00
8.153146647714294204e+00
3.224278515544785506e+01
8.306591343960036511e+00
3.900699332628008165e+00
1.281080751117811189e+01
1.214903825314847552e+01
4.140152426222414306e+00
9.643343867656795965e+00
4.526296829896566010e+01
6.952230769381827713e+00
4.821428918259654495e+01
5.676080772812724717e+00
5.601376082467552919e+00
1.288270487872483727e+01
3.554447994051008664e+01
3.608737068607841536e+01
1.516307752521693430e+01
3.630186313904422946e+01
3.818366643345470379e+00
2.790601462062869587e+01
4.739825722240553318e+01
1.812355975683659892e+01
6.418460644107170765e+00
3.988662166040159462e+01
1.773484883789352295e+01
4.215174154805978901e+00
1.145473788857242425e+01
1.428031549404688860e+01
3.323942809581442503e+01
1.729846679932404641e+01
2.340283372762422687e+01
1.093042707127027313e+01
1.849746536403436892e+01
7.153030570722080483e+00
5.704086546723047491e+00
5.615676344839229728e+00
4.601924637233067017e+01
1.296672141700506131e+01
1.957629979501047046e+01
3.241406242174247865e+01
3.043549023877446302e+01
2.431645712686309935e+01
1.384051609986556741e+01
4.296979532104403177e+01
8.859301260605747075e+00
2.125309909631762650e+01
1.646378305875543901e+01
7.489936603188596109e+00
1.759044123057034881e+01
1.835099469280103790e+01
3.666481140085954848e+01
1.726561937743797159e+01
5.074359307483419457e+00
9.551397057729147377e+00
1.787015343116841848e+01
2.964974984308045691e+01
3.873089786693441283e+00
2.483310850127055858e+01
3.146412206034197112e+01
3.893976397131078926e+01
2.106384833687741320e+01
3.335456330155093951e+01
4.120350975136884841e+01
3.088179654375329619e+01
3.089203293635217307e+01
1.743759799503942531e+01
1.137050046117816748e+01
2.988760276945623673e+01
1.340392400652076788e+01
8.696088685774640226e+00
3.266847593805468364e+01
1.785437595801720079e+01
8.721705988106293717e+00
2.076667214987934074e+01
2.643626636273462083e+01
1.669517521764949208e+01
7.140039984438587339e+00
8.502667684790296221e+00
5.656482892577855637e+00
4.651845945072697219e+01
6.058009154674309116e+00
5.924790551916515824e+00
6.240237201661813060e+00
7.438366693024576648e+00
6.507611160964145824e+00
7.390819355896610432e+00
7.461383151080440257e+00
