2.125549556845250834e+02
2.102890884200272694e+02
2.009748711992390611e+02
2.155512504010058024e+02
2.329909885442273492e+02
2.088448286818087070e+02
2.398767090468151082e+02
2.141174105708037416e+02
2.121862349902939116e+02
2.101836642635697388e+02
2.288222722253878487e+02
2.104740463218917057e+02
2.363644487627395279e+02
2.092165000720864896e+02
2.301860012970336129e+02
2.382074675908382346e+02
2.233190378096287816e+02
2.297639143177706558e+02
2.044552727481257648e+02
2.090799862732296788e+02
2.429680000760807559e+02
2.260758083911786400e+02
1.992204796220245271e+02
2.400128095283467360e+02
2.242414852057498535e+02
2.112296011284346662e+02
2.191692757285971425e+02
2.084233221197474677e+02
2.432137720946965374e+02
2.245364803654166508e+02
2.327932310971599463e+02
2.214898616945083063e+02
2.180036126095963880e+02
2.241193672969538397e+02
2.177370884664013602e+02
2.360625244295990228e+02
2.164484000784678415e+02
2.158065980964905179e+02
2.211259848665306436e+02
2.229119224798768926e+02
2.191515682490193626e+02
2.241418421824693041e+02
2.165453332797112012e+02
1.985603583499038223e+02
2.435894034645239401e+02
2.216019408304306353e+02
2.226331966648486400e+02
2.123286771291545278e+02
2.129001822917766731e+02
2.072588187422617807e+02
2.126181056547057437e+02
2.138652674436520726e+02
2.191449092934273608e+02
2.014779130439980008e+02
2.214908436799821061e+02
2.145670286553780386e+02
2.127969962007082358e+02
2.175408786049712262e+02
2.117992790806639789e+02
2.141880201207022196e+02
2.212257543443629402e+02
2.096376295185015124e+02
2.217149751050646955e+02
2.106177494284563068e+02
2.207665542962860172e+02
2.113495367825093751e+02
2.099077748556703682e+02
2.306876763828886965e+02
2.277933178334578770e+02
2.152041688178071865e+02
2.113645344767246570e+02
2.120482888363309826e+02
2.129314773377271592e+02
2.086291675897918196e+02
2.140004182014334333e+02
2.222174685946549744e+02
2.209799631271400813e+02
1.984414350388964863e+02
2.150085521593053670e+02
2.518309279959796925e+02
2.344986044189742529e+02
2.139250440938286317e+02
2.267175507773050924e+02
2.121306348373986452e+02
2.257330420642466038e+02
2.366298950542371813e+02
2.095982301003155328e+02
2.181438080094323766e+02
2.017262217245694274e+02
2.115889719551003054e+02
2.223610086359549030e+02
2.157290290219389988e+02
2.136419718874975615e+02
2.199284943100757062e+02
2.154105810064995126e+02
2.186959636058586796e+02
2.043784665746505596e+02
2.102300927139792748e+02
2.187650361494203537e+02
2.211145513299098013e+02
2.197214241394972021e+02
2.245172166743776927e+02
1.998677974007101170e+02
2.089035245716938221e+02
1.999261184785090109e+02
2.499455762444883362e+02
2.144160858400920802e+02
2.140122984871593417e+02
2.096134967567168133e+02
2.416597753881690664e+02
2.416529317219871587e+02
2.059495432538904538e+02
2.196772781642409598e+02
2.267746264996462457e+02
2.084399168325521146e+02
2.100317871191304278e+02
2.057600947865183798e+02
2.175552260861362299e+02
2.080173382532878463e+02
2.226918797565647310e+02
2.120110576361437325e+02
2.185449011572243307e+02
2.329222285757667237e+02
2.181942329641004790e+02
2.163971621124419471e+02
2.099993313399310750e+02
2.234650963681811504e+02
2.070937002636158866e+02
2.245445123061991808e+02
2.064320318769327969e+02
2.085108529711389735e+02
2.167218117590600457e+02
2.284580224605783201e+02
2.193908539099824111e+02
2.227475183509349677e+02
2.195251837584443138e+02
2.119450092990663848e+02
2.245272154379367748e+02
2.097722932441105854e+02
2.504800646888892857e+02
2.124990099397143410e+02
2.220491629168988936e+02
2.042361038550598096e+02
2.161694392158652249e+02
2.112371008861251198e+02
2.074110947246412877e+02
2.031423823309073668e+02
2.280832503784877190e+02
1.991645998309455763e+02
2.164628706583413589e+02
2.184879239050412423e+02
1.981182470589661477e+02
2.174345837490631936e+02
2.365485571850364011e+02
2.250822019076181846e+02
2.040271431947848271e+02
2.095436189878840594e+02
2.056097923801988827e+02
2.220606396946780308e+02
2.190248432566966414e+02
2.225703928532871601e+02
2.481881724096009521e+02
2.311882608799000991e+02
1.992774352916986800e+02
2.180761930501761299e+02
2.222273892638842199e+02
2.099874017536897668e+02
2.321859321608957032e+02
2.328523694946427440e+02
2.393560122402352590e+02
2.174788259594985220e+02
2.460211702003182950e+02
2.126621686043152977e+02
2.398010496702863747e+02
2.325928323506650486e+02
2.100651435727370426e+02
2.148101998048077235e+02
2.165378906945154540e+02
2.226147864497920068e+02
2.139752506127535980e+02
2.066713004305305503e+02
2.146967209467857742e+02
2.081354562267233916e+02
2.373754875041101116e+02
2.156752637183176944e+02
2.209790800492823450e+02
2.199201610023449405e+02
2.012363632553717991e+02
2.246049325840974689e+02
2.410203934883624868e+02
2.090978635684139704e+02
2.292809579436940339e+02
2.361518396452315471e+02
2.409816277819073207e+02
2.021291918608563662e+02
2.164779692072389707e+02
2.369659987635747598e+02
1.988887760148245434e+02
2.090379036752644879e+02
2.124550183273640869e+02
2.340354010806836129e+02
1.992775635365813969e+02
2.233743303971602927e+02
2.090824825845631949e+02
2.063842112890616818e+02
2.009562339482737343e+02
2.204738918008468431e+02
2.018709580800310164e+02
2.358677167385981761e+02
2.114603646646942252e+02
2.222351239022858636e+02
2.096467246690653212e+02
2.408074203226717884e+02
2.075357749769967484e+02
2.140024249648620867e+02
2.205057335239112319e+02
2.130720903149892820e+02
2.213349233143005108e+02
2.541781894233463390e+02
2.079210553279006319e+02
2.391389160766364910e+02
2.099147213468803841e+02
2.148299472399241665e+02
2.216202112994540698e+02
2.196880359200095256e+02
2.132878723027956767e+02
2.124955711208639286e+02
2.115979105672101639e+02
2.155808980000797987e+02
2.257779168165894532e+02
2.183105321546508435e+02
2.338359103147620885e+02
2.341493442430622167e+02
2.091300821190166062e+02
2.259166324749795081e+02
2.097873060962439808e+02
2.211520833191479483e+02
2.170663872228735727e+02
2.155308528779461881e+02
2.181087211335163829e+02
2.314757089783497861e+02
2.023450459576174865e+02
2.323267465531756386e+02
2.136417462033175525e+02
2.070693893410482644e+02
2.502808282920485112e+02
2.252838491948261321e+02
2.270189930522976738e+02
2.226838471515827678e+02
2.196310675843894273e+02
2.369359467658315452e+02
2.183820939039970597e+02
2.151078166220186176e+02
2.109750838686251200e+02
2.312439879560117220e+02
2.226626545690742205e+02
2.193265702017914691e+02
2.240982559205120310e+02
2.244256691284790008e+02
2.197208251129296741e+02
2.242686508746674861e+02
2.129575113368806569e+02
1.992392465097108527e+02
2.279458409246470865e+02
2.232102283341384918e+02
2.162613802710852156e+02
1.985274004704918127e+02
2.337746802637959718e+02
2.245675837554431951e+02
2.058477921653467320e+02
2.091653223221030657e+02
2.305598521397583340e+02
2.282731290303082119e+02
2.316173886050140140e+02
2.171732143901191421e+02
2.054013547129034691e+02
2.089667988140722912e+02
2.142288927478327309e+02
2.177032869885779292e+02
2.224975218748735415e+02
2.391907120762928685e+02
2.098465441649787522e+02
2.301447671349665711e+02
2.291870874544232777e+02
2.252433625803749351e+02
2.192055590613205140e+02
2.313461950771725526e+02
2.269142295874067088e+02
2.348657389818280308e+02
2.439665025650036227e+02
2.064023187086015412e+02
2.177581611355544453e+02
2.312520496235476628e+02
2.187728244675197971e+02
2.189815175357413182e+02
2.297749713337328785e+02
2.243376508302895331e+02
2.069309342776646474e+02
2.083140387939707523e+02
2.082918195489468189e+02
2.118404808550974394e+02
2.109266128526633963e+02
2.288034731009471443e+02
2.446442002126740931e+02
2.210045281671363853e+02
2.192822964566386474e+02
2.166290219285003218e+02
2.094406475300385750e+02
2.118694889418752609e+02
2.128120963969448383e+02
2.230450110244404698e+02
2.190076626243158842e+02
2.097753618602886263e+02
2.143370925008964036e+02
2.145606408906696743e+02
2.219887221220083688e+02
2.320605157523807804e+02
2.080693004417413476e+02
2.254806184623177785e+02
2.165298811278708513e+02
2.110645542994680284e+02
2.313570569449345555e+02
1.978103405373750263e+02
2.103783352405346818e+02
2.099932108546197185e+02
2.132920674377437820e+02
1.992340960163587624e+02
2.433256196194661527e+02
2.111314295521297311e+02
2.278551834880515230e+02
2.448515072347284445e+02
2.462911727341731876e+02
2.121861794452198637e+02
2.226583466435172340e+02
1.991755142776730167e+02
2.203456392701218363e+02
2.008474377707242979e+02
2.301843593621570676e+02
2.158136169498912977e+02
2.305898585458509729e+02
2.164231559147065695e+02
2.452619557093456706e+02
2.351841580009346444e+02
2.278931137035017400e+02
2.080876877313223474e+02
2.446331546662042911e+02
2.195514911449317594e+02
2.132263546633300848e+02
2.218938399933704488e+02
2.237039829927879850e+02
2.302078258893314455e+02
2.155678048141873546e+02
2.160835116623171928e+02
2.222661358208770253e+02
2.105751924146361773e+02
2.108360702374083644e+02
2.305914810391861351e+02
2.378409367561320664e+02
2.178824979111202822e+02
2.046683362211272765e+02
2.250416321232675898e+02
2.282286913346471238e+02
2.149871868281470029e+02
2.271210791909084890e+02
2.102455696604304478e+02
2.172116562674630131e+02
2.233656550696368299e+02
2.318639507247308700e+02
2.197308735373233617e+02
1.996725255545269420e+02
2.098022681131712091e+02
2.309908893560937884e+02
2.400147724483107368e+02
2.143635705169846233e+02
2.164741076603808665e+02
2.198898677493084506e+02
2.146809414654925661e+02
2.320903357156012703e+02
1.982438170274441234e+02
2.215480210051824770e+02
2.409442165357478984e+02
2.126071195850028630e+02
2.117336572487270132e+02
2.239787120086723462e+02
2.210174455062724803e+02
2.237121009799847400e+02
2.156751243322813139e+02
2.097682099846960853e+02
2.440155350387093449e+02
2.362366603643389453e+02
2.176067838383456206e+02
2.089058690129617162e+02
2.145911137908098567e+02
2.196838631552099912e+02
2.203159914818906771e+02
2.087215180623826711e+02
2.163766299851442909e+02
2.404174169266910042e+02
2.444135241656476012e+02
2.172656750324179029e+02
2.298541975887646913e+02
2.504268617710531544e+02
1.982837826129712084e+02
2.226276538263806231e+02
2.090738318230253014e+02
2.218632983962042999e+02
2.150426950288076569e+02
2.107282804736830144e+02
2.236391967364111792e+02
2.148696769905744759e+02
2.094295741519768512e+02
2.426970418221629870e+02
2.216774513311029295e+02
2.371769138862362354e+02
2.119599280356158033e+02
2.339693999764007231e+02
2.137707765622363638e+02
2.281266083627484988e+02
2.122860551673668397e+02
2.243149794678981266e+02
2.114149824835837705e+02
2.155067882690182728e+02
2.102300428809377308e+02
2.120462849456357048e+02
2.061951856732507338e+02
2.100536827976811765e+02
2.154401481174151627e+02
2.281046989671239089e+02
2.426784030864787383e+02
2.168816915986316189e+02
1.987318995795821763e+02
2.164485767670263385e+02
2.230792061027056548e+02
2.106254152172617751e+02
1.997817515563642132e+02
2.217899245138104334e+02
2.093521236565237018e+02
2.143836348346910086e+02
2.210978405281984465e+02
2.183470266388564482e+02
2.144557216816685923e+02
2.195202977946809995e+02
2.244945510534816719e+02
2.264864352519103932e+02
2.516792743480603463e+02
2.149809872458813231e+02
2.071124167433151797e+02
2.162627874209089782e+02
2.200982671928231298e+02
2.229228091835466330e+02
2.220571087581250822e+02
2.185347956524629467e+02
2.280874167708404912e+02
2.185273975983387800e+02
2.004149500047571166e+02
2.266194052089890647e+02
2.182348218115799625e+02
2.215005331563245363e+02
2.081988682079905857e+02
2.180961979839474054e+02
2.067411171190622099e+02
2.235820269995546141e+02
2.056944820398128400e+02
1.986589241354907927e+02
2.226687314040310071e+02
2.026938780751746947e+02
2.176084980835565261e+02
2.083692946854019397e+02
2.154765928624449884e+02
2.056123061815608253e+02
2.111556531929144569e+02
2.301969516483708276e+02
2.208440369311456948e+02
2.108886214606169744e+02
2.010280333440834681e+02
2.207120643889072085e+02
2.156159108043941046e+02
1.985370841365530055e+02
2.416419033010805038e+02
2.236567984234213498e+02
2.272097847704624485e+02
2.181559861965733944e+02
2.093461970741289804e+02
2.349503033315634752e+02
2.165502374249015531e+02
2.338322932740157114e+02
2.180806678162322783e+02
2.269952619206043778e+02
2.173123997124744733e+02
2.209479518856489904e+02
2.054847379655759596e+02
2.139876401423728964e+02
2.232242784715317043e+02
2.224747970720600279e+02
2.165808613662827895e+02
2.111143603959069708e+02
2.152389197116290234e+02
2.383409813093298055e+02
1.991588354464592214e+02
2.411409928480485405e+02
2.221329671861259669e+02
2.312196301229130313e+02
2.254655742048450691e+02
2.006725310602434149e+02
2.180449156818986580e+02
2.046415267029198617e+02
2.241482963372336030e+02
2.247656392844676532e+02
2.443970071732824181e+02
2.267872803070282544e+02
2.095549044327492254e+02
2.319525848512321318e+02
2.164986477350582845e+02
2.105723408035176476e+02
2.280896556120558785e+02
2.180580886506843399e+02
2.147938369852701612e+02
2.216116734661302132e+02
2.245008867097191398e+02
2.304631608305715531e+02
2.200590101282839726e+02
2.340146945003083943e+02
2.421018385132294384e+02
2.461891762090908742e+02
2.520923919679985943e+02
2.371388982724358527e+02
2.234126495596992754e+02
2.181470153868270927e+02
2.288078817552241730e+02
2.014505480701687077e+02
2.233658444731335919e+02
2.214387196270305367e+02
1.971427315227466295e+02
2.260837071767758744e+02
2.117477408349248833e+02
2.162440766768068841e+02
2.078393089370375151e+02
2.151642950485841652e+02
2.085104790945740376e+02
2.232943530028337022e+02
1.995169420159953688e+02
2.231183259400855263e+02
2.142007121519213513e+02
2.230014874259246369e+02
2.143355321078724387e+02
2.159173979312642757e+02
2.091733538974907560e+02
2.094056609825624946e+02
2.287260418961426183e+02
2.391577639570239171e+02
2.229099025874628524e+02
2.448711441456987075e+02
1.998503146521522922e+02
2.191119535796887874e+02
2.106544737985209395e+02
2.107399991330156581e+02
2.449653474003582687e+02
2.298580727303444462e+02
2.292643523392588349e+02
2.367745184578490694e+02
2.142727010373410508e+02
2.409767029016923630e+02
2.406967939716361684e+02
2.116257778014400515e+02
2.240734311785198827e+02
2.214067573334917824e+02
2.379929854173136619e+02
2.353234889138320227e+02
2.185118732613717611e+02
1.985060995542146145e+02
2.238115328517387752e+02
2.366383807693100607e+02
2.171553770517273847e+02
2.230427492366003435e+02
2.113152282439459668e+02
2.108831146418758919e+02
2.361077674961449020e+02
2.092984956503754006e+02
2.021985456429981980e+02
2.239861331014616894e+02
2.311099924560941759e+02
2.096901898416739698e+02
2.223169694674723473e+02
2.426447760939869909e+02
2.221443299684512738e+02
2.385255051439469298e+02
2.191317020141204068e+02
2.090219809294880804e+02
2.155562663974257021e+02
2.198723094309226838e+02
2.445269921643410385e+02
2.201664711289489560e+02
2.304716997869801389e+02
2.120878969215800680e+02
2.173133089709256467e+02
2.190975147681873523e+02
2.102267168490547249e+02
2.390728847316851500e+02
2.208134710073550764e+02
2.242810021570392109e+02
2.190390590092102912e+02
2.322819142966772006e+02
2.023077742812632493e+02
2.269926252221285381e+02
2.119616287211595989e+02
2.128858943741784628e+02
2.158307452699745852e+02
2.145273923517397634e+02
2.111366807288683276e+02
2.509178461109106024e+02
2.199655547600675618e+02
2.019262861711468702e+02
2.089801339871014250e+02
2.123061517653681562e+02
2.188680051790254595e+02
2.191222798736311290e+02
2.474826729060889079e+02
2.177141176739122557e+02
2.164051100725340007e+02
2.193787569480319917e+02
2.431961505393845187e+02
2.292745557860695556e+02
2.156756449300650331e+02
2.299604160158416732e+02
2.093120752169610910e+02
2.127900393792394027e+02
2.260475539954802002e+02
2.223691316186875042e+02
2.198136578119369346e+02
2.198281423646258190e+02
2.279498021960711185e+02
2.233786919189856803e+02
2.224023792016735683e+02
2.056105835222121243e+02
2.204038917230978996e+02
2.152184528857532655e+02
2.269247543344958444e+02
2.154622867791354679e+02
2.276432651920250123e+02
2.270223238802202559e+02
2.143248393082826340e+02
2.182137663379600951e+02
2.242486461745565975e+02
2.258843231857318301e+02
2.470051098731912305e+02
2.192184376660624139e+02
2.236131951779131555e+02
2.055996804362297894e+02
2.179105638339863162e+02
2.430032016104248385e+02
2.214128864842371627e+02
2.228313474405287593e+02
2.088232703237261774e+02
2.297257702225494427e+02
2.118314434663259931e+02
2.195511152318456709e+02
2.401364636939519528e+02
2.097813618239676146e+02
2.198459593783888977e+02
2.107418174716063390e+02
2.128257765858137702e+02
2.109524539152520504e+02
2.303937266031612694e+02
2.236275075918786683e+02
2.052259203670529359e+02
2.202523313046814337e+02
2.321836108316471439e+02
2.268865190747331155e+02
2.331319746661322938e+02
2.191919341817512361e+02
2.284123094962736502e+02
2.052564694700737959e+02
2.192756057841858990e+02
2.230797112838338876e+02
2.096144530181398977e+02
2.143784493211433926e+02
2.212867698049103637e+02
2.119834043685794995e+02
2.179488758229067571e+02
2.440460360337413022e+02
2.290245349961281818e+02
2.152172941601610319e+02
2.093478649929346602e+02
1.972625557603571451e+02
2.131640091922251372e+02
2.376507163261132689e+02
2.155878055503102075e+02
2.037847601948924137e+02
2.228784273290281135e+02
1.977993508793010733e+02
2.337620515829985948e+02
2.143727796141837985e+02
2.201457997377039533e+02
2.233269254359276204e+02
2.233440705502486310e+02
1.969603770766216826e+02
2.231120693047349732e+02
2.486631862238140229e+02
2.280816211677972376e+02
2.256117770328364713e+02
2.259280652297967436e+02
2.018388035169464274e+02
2.138531747909580645e+02
2.221993005199162212e+02
2.141354773189928551e+02
2.239828949986431894e+02
2.426226536855197651e+02
2.305718484070793863e+02
2.230865585616500653e+02
2.416463716255540533e+02
2.023482221901169851e+02
2.325479981305684305e+02
2.307546205057417126e+02
2.093151565816486084e+02
2.341600347713214205e+02
2.284832103782675006e+02
2.221487582298983057e+02
2.197323747547502251e+02
1.998137174397674869e+02
2.107656347830755408e+02
2.211449015479927027e+02
2.252465219942355930e+02
2.137935702973473440e+02
2.285324920247519458e+02
2.425090019881247372e+02
1.992896992130551439e+02
2.065130748129554661e+02
2.197038312969308436e+02
2.192557456980115376e+02
2.004156134427906863e+02
2.191341702912245353e+02
1.984448730900575697e+02
2.189548876804832958e+02
2.255819096676714821e+02
2.135762018396665383e+02
2.296530906550305531e+02
2.181740858892942185e+02
2.198875714756553634e+02
2.168440689779619959e+02
2.164393733320690103e+02
2.226683586703139213e+02
2.228064977652066148e+02
2.205239875518930432e+02
2.101192435519339483e+02
2.400864049821730646e+02
2.088552465450858904e+02
2.341844225599562037e+02
2.286158798021951384e+02
2.016308085135073043e+02
2.183173224016796041e+02
2.252213766804300690e+02
2.207211295886487505e+02
2.159280354352833342e+02
2.170231757031253892e+02
1.981358554044415428e+02
2.432090879066823561e+02
2.276996287963665679e+02
2.278496921830315216e+02
2.032455505843263666e+02
2.197404433582329659e+02
2.134117210118483570e+02
2.002472354773602774e+02
1.974842742048906530e+02
2.131890805552891095e+02
2.066569293817058508e+02
2.427737844558072027e+02
1.996134154955121573e+02
2.301127596268976276e+02
2.221168318570777842e+02
2.097798179678815416e+02
2.281222338670195313e+02
1.992660990730543631e+02
2.110931684582976118e+02
2.083641461695441990e+02
2.212679254809310407e+02
2.147116170530258046e+02
2.178955824427604568e+02
2.095703231672503364e+02
2.057962830241383472e+02
2.215873363258234292e+02
2.479002084597671001e+02
2.143739489680874328e+02
2.123941563845148153e+02
2.179236210828941012e+02
2.408453640867072920e+02
2.460483717079192729e+02
2.419625254060466091e+02
2.098595877809477486e+02
2.310675243459778585e+02
2.142070672233218716e+02
2.387739368797075770e+02
2.056960852550531058e+02
2.363404855830796691e+02
2.096432845650335253e+02
2.272214403604749009e+02
2.098846876669693984e+02
1.985995041760084803e+02
2.082342112771013944e+02
2.188393781479199447e+02
2.068619589247567774e+02
2.239479753245732923e+02
2.275767869941415142e+02
2.186619870863348751e+02
2.089207208543106731e+02
2.255755171453281491e+02
2.163825977070853810e+02
2.103566476768684765e+02
2.197838560314092433e+02
2.109800689950577066e+02
2.109710352635602533e+02
2.066313771851673664e+02
2.441099335776609394e+02
2.218740510017556744e+02
2.097483363236289335e+02
2.070156336892489435e+02
2.127886351478090603e+02
2.208635737615105370e+02
2.066566286383945794e+02
2.205041122160671989e+02
2.162149358024848311e+02
2.190179894938313510e+02
2.053906157239518961e+02
1.989140962263762731e+02
2.269143620265999459e+02
2.291866062513578868e+02
2.208846588357101552e+02
2.210945984013364409e+02
2.130441104294576462e+02
2.102527762938087221e+02
2.382972899489246288e+02
2.174700168896194725e+02
2.226585931635972031e+02
2.449771729862390544e+02
2.123464851054015980e+02
2.033137831171166567e+02
2.316847770681661984e+02
2.133779016450530150e+02
2.264605980051197776e+02
1.997904782188972490e+02
2.165135282919058000e+02
2.141624452524119988e+02
2.060625278121651718e+02
1.996560428652021812e+02
2.145501403303700840e+02
2.465692725399863718e+02
2.356969832901575614e+02
2.448585798525792825e+02
2.069888301368646637e+02
1.964637066482875696e+02
2.367463983078186516e+02
2.053871949077753243e+02
2.110068377048700654e+02
2.125962244140627035e+02
2.139913962322368377e+02
2.003934860578654593e+02
2.527601956625076696e+02
1.980144191993464347e+02
2.222487354301508731e+02
2.118901643920877973e+02
2.280518880558450689e+02
2.188819505768680074e+02
2.099208510290178538e+02
2.396916703280460865e+02
2.222086085735632821e+02
2.161453065727577894e+02
2.143332435974427312e+02
2.124518892851651799e+02
2.188723127706070386e+02
2.071368254051065492e+02
2.245923807754610948e+02
2.224749184733552170e+02
2.097503040337624896e+02
2.071502649421589126e+02
2.314688871091866815e+02
2.080912657240149883e+02
2.189651258070769018e+02
2.367907482882136492e+02
2.172974481411983447e+02
2.186334396822329040e+02
2.426785934294532296e+02
2.309352793917229292e+02
2.196431402162182849e+02
2.190900228910709870e+02
2.082733459187728613e+02
2.008098795621934016e+02
2.038342250963293623e+02
2.063395885612692666e+02
2.232223406480702579e+02
2.203172666104259179e+02
2.180596628604030798e+02
2.312020097963934120e+02
2.209186716082755311e+02
2.144149565638607271e+02
2.323314301568206872e+02
2.391374531217691413e+02
2.042777041028572853e+02
2.270900537298899451e+02
2.150545077557281672e+02
2.151311391750363953e+02
2.243868347719471501e+02
2.250061589358192862e+02
2.138744211579964940e+02
1.981423904695141118e+02
2.119535614340795746e+02
2.229431958170345638e+02
2.173048093738256057e+02
2.186229250810171720e+02
2.065081671161857457e+02
2.303261325143243425e+02
2.459932238452927322e+02
2.172269220917926020e+02
2.283504102130630429e+02
2.145124742792746133e+02
2.146391519313735330e+02
2.083258373812201967e+02
1.982136138488039592e+02
2.297270893610368034e+02
2.051199115346191775e+02
2.297797819478030874e+02
2.154809178716275255e+02
2.079668494680624349e+02
2.244612469869079519e+02
2.148318566587852274e+02
2.220727096136330374e+02
2.185276428973504039e+02
2.346292283706833359e+02
2.224398906254137955e+02
2.094936470884194080e+02
2.183629281774302058e+02
1.986936668991490365e+02
2.096923213133455590e+02
2.267128554425489426e+02
2.233144639554693356e+02
2.085431235838535144e+02
2.350499524784113987e+02
2.362220592933796866e+02
2.300638953018140000e+02
2.373819747065313095e+02
2.207806828565229580e+02
2.244172294061085040e+02
1.998606963707728710e+02
2.112383924680810310e+02
2.430809130102503843e+02
2.169585770775593119e+02
2.447929489891348567e+02
2.297137313867442003e+02
2.520437402346850604e+02
2.111443660964683318e+02
2.198341771382129934e+02
2.274740109612782533e+02
2.280123804859624101e+02
2.218334392388118772e+02
2.108378196914225668e+02
2.168361793693744914e+02
2.050586173005975752e+02
2.277913411098368783e+02
2.315384006747579519e+02
2.436161952272952362e+02
2.137586828019822178e+02
2.065991734236146442e+02
2.224961058011441537e+02
2.188715184366806454e+02
2.097926601679101566e+02
2.160170068042492630e+02
2.031695031146678900e+02
2.183804512299051339e+02
1.995333858514016185e+02
1.969409182578216360e+02
2.169790455855294056e+02
2.164668149889700999e+02
2.092920941035358737e+02
2.345067891725973084e+02
2.307989635452325956e+02
2.184655313408422046e+02
2.125728188685113764e+02
2.243281731212730392e+02
2.240926384652487116e+02
2.201740853802237439e+02
2.114634181112407134e+02
2.481578116810042047e+02
2.103890705986032401e+02
2.275769566868111156e+02
2.164013259651922283e+02
2.113411270786790226e+02
2.216929514501794074e+02
2.149357691633741183e+02
2.399216638256633018e+02
2.159873957328162533e+02
2.186025958224667249e+02
2.002904417593496760e+02
2.253183437255931381e+02
2.167067657460129908e+02
2.185566137644332230e+02
2.113330461570335785e+02
2.111177121945551676e+02
2.115398712081939152e+02
2.192594781740194492e+02
2.211979582965549582e+02
2.170140073740525963e+02
2.324145805156869073e+02
2.198877562042028160e+02
2.264105306969184426e+02
2.211761876170412506e+02
1.988081037538912597e+02
2.114631010757781269e+02
2.424450766527049268e+02
2.150713300282261571e+02
2.192320334892948779e+02
2.188762484961733605e+02
2.140284894099242763e+02
2.226134127123375208e+02
2.210067069898757097e+02
2.271470886776656926e+02
2.067968529771312944e+02
2.261115186544579103e+02
2.152108547083582550e+02
2.223731388946481502e+02
2.355186373550794485e+02
2.096083449410081698e+02
2.173174776858356267e+02
2.097891007081862540e+02
2.150117347014083862e+02
2.184337906291650029e+02
2.151524352467860126e+02
2.254326665040628370e+02
2.491892362790205198e+02
2.186845759954023833e+02
2.112171936201003177e+02
2.013901074727205014e+02
2.125004040494182220e+02
2.232481206801336953e+02
2.258897512685861102e+02
2.269438653179448124e+02
2.240032114381528459e+02
1.981132390121913147e+02
2.214519817739647465e+02
2.201859872426275899e+02
2.127462994340059765e+02
2.108818795171078477e+02
2.154934352050241273e+02
2.339270451268376974e+02
2.130309594295940485e+02
2.009775912760288747e+02
2.332303074085106402e+02
2.185247753216535784e+02
2.118154724651169829e+02
2.343669322310477696e+02
2.139456151883629218e+02
2.190610050261518325e+02
2.205145734195740488e+02
1.993080698252163643e+02
2.282154506496241879e+02
2.120451391599653164e+02
1.990306940262705382e+02
2.017046815488262439e+02
2.084706323076581214e+02
2.201315462218111065e+02
2.291620933563562801e+02
2.260052003890101844e+02
2.199238203001646923e+02
2.268688149224136055e+02
2.119403034588079038e+02
2.108767840167058978e+02
2.254959965827434303e+02
2.135050715560101651e+02
2.077009114730499562e+02
2.154980750958301599e+02
2.133138934158201891e+02
2.182465191380381668e+02
2.239041890014940748e+02
2.264137709737096316e+02
2.224155368874872352e+02
1.985281299685906333e+02
2.006994895427819756e+02
2.078274825713467067e+02
2.367252352260128987e+02
2.233268080058726355e+02
2.400741586168520598e+02
2.341949263450675289e+02
2.341665928432144028e+02
2.157900161202929610e+02
2.172603513151206300e+02
2.134664131319715636e+02
2.254748556102932469e+02
2.097527598164485312e+02
2.237725024624798777e+02
2.183376356159394902e+02
2.119605742207488674e+02
2.417728997250469547e+02
2.164694045399635911e+02
2.085527917270542275e+02
2.085176781998212618e+02
2.239110639225722252e+02
2.132119882839184015e+02
2.186298072954221539e+02
2.125892156125684664e+02
2.166675173447870293e+02
2.263265236062938186e+02
2.090432680011879540e+02
2.198087415869297274e+02
2.056997892303538151e+02
2.172453593519652770e+02
2.199060630874720346e+02
2.105514604254267397e+02
2.029851626005922753e+02
2.339924006861966461e+02
2.251970092131153365e+02
2.333400535722421409e+02
2.162680311031935787e+02
2.020255418667590845e+02
2.257338839263721013e+02
2.225536371919308749e+02
2.263327239594080424e+02
2.104470450367988690e+02
2.055117129173280546e+02
2.397873205341359721e+02
2.212325691132518273e+02
2.008724377513002821e+02
2.209828456025383616e+02
2.118340357093912871e+02
1.984697779972042326e+02
2.180125490673829063e+02
2.185775014919942691e+02
2.198736027355437841e+02
2.199916428184493213e+02
2.079051993642032130e+02
2.141465400495923177e+02
1.994373058373059848e+02
2.180727534736522273e+02
2.214851863471426725e+02
2.362007887732721656e+02
2.161696696504794204e+02
2.162781253853120802e+02
2.118751802357077452e+02
2.169893099428308574e+02
2.496304330324896057e+02
2.187267283571159169e+02
2.189246705045106580e+02
2.286042354798240694e+02
2.393761460099782141e+02
2.066887147612280842e+02
2.123426651639671263e+02
1.965578301300281510e+02
2.135470064275542939e+02
1.968963719862711628e+02
2.346342460386459265e+02
2.290085077035492702e+02
2.193637047980924137e+02
2.060583337535473163e+02
2.085595990612188473e+02
2.188093316183040997e+02
2.218494868271699829e+02
2.246559886091740736e+02
2.216663677893189686e+02
2.195907147115172791e+02
2.026498033218294381e+02
2.026501680826152096e+02
2.409522443705353965e+02
1.997832699573590958e+02
2.103444082007116833e+02
2.107686567144045284e+02
1.981466629604616685e+02
2.399412999365686119e+02
2.265968447571718229e+02
2.120339202319144363e+02
2.324692722612261377e+02
2.094468243819038094e+02
2.165180158838328452e+02
2.306138384600640734e+02
2.192222220684286640e+02
2.101973578783853895e+02
2.411929848810364660e+02
2.439164970802005996e+02
2.425459308733717307e+02
2.070666272011013973e+02
2.216335100760295802e+02
2.297275394184754020e+02
2.162903360457080453e+02
2.117300583037161914e+02
2.328868297181300022e+02
2.166709799424830294e+02
2.205824942103982664e+02
2.222670845711376160e+02
2.009830862461005836e+02
2.248755078031962853e+02
2.407553941957128245e+02
2.364388297208848257e+02
2.202234018275277663e+02
2.119610230801170303e+02
2.138206862006117603e+02
2.112368501395017120e+02
2.209452691745044035e+02
2.188183523611830026e+02
2.044658390892125794e+02
2.222082182290026253e+02
2.170238381804394692e+02
1.991586277040778441e+02
2.202790299969024943e+02
2.029469133558375518e+02
2.241808474611817985e+02
2.297002568123519097e+02
2.257328575800679005e+02
2.105930972562581474e+02
2.166403148921283446e+02
2.080157586356733361e+02
2.525274553505471431e+02
2.248093176334317889e+02
2.160041568611852085e+02
2.334887082282213555e+02
2.103917403648625566e+02
2.085936291914707397e+02
2.176829868508196455e+02
2.143527977667172877e+02
2.472737071961951187e+02
2.194069726456829414e+02
2.117804473919886163e+02
2.184004286209694783e+02
2.312019865061985797e+02
2.090740568776215298e+02
2.225200104824130278e+02
2.063320096328651232e+02
2.223443891859477048e+02
2.074649588304416170e+02
2.179037289620295894e+02
2.091418387789195208e+02
2.081778838430590497e+02
2.229171501991188791e+02
2.060338701778611608e+02
2.254182465718856747e+02
2.208613993085847369e+02
2.357659751252292324e+02
2.033937009840179257e+02
2.075515536827631138e+02
2.080875448014626272e+02
2.284769084039565143e+02
2.274357526480491458e+02
2.200661757972418116e+02
1.965548383380606197e+02
2.230674008389533185e+02
2.206068488148256961e+02
2.253367176578620672e+02
2.245631626901528364e+02
2.254679910403708618e+02
2.098049314036809960e+02
2.473576700748694748e+02
1.993490215605158369e+02
2.202577790091622489e+02
2.235721102991294913e+02
2.375839891773348427e+02
2.258644146657159695e+02
2.450822735103969592e+02
2.296246177792907872e+02
1.993585717262891706e+02
1.985906736772971612e+02
2.001552386290605909e+02
2.215850614905426710e+02
2.200133292993091914e+02
2.147726208127352265e+02
2.218682430469590088e+02
2.036276390565690519e+02
2.164615614640106855e+02
2.440732710258676263e+02
2.151835730716944397e+02
2.364959075849926364e+02
2.195744209784670602e+02
2.099321411395170003e+02
2.189029989604138677e+02
2.190911000739950225e+02
2.161675146891904831e+02
2.378800750943039191e+02
2.158736973355366899e+02
2.276541831415480601e+02
2.208035731309822722e+02
2.289751042477118972e+02
2.144870768438711366e+02
2.318149804267784475e+02
2.221115045161721753e+02
2.147424542804840542e+02
2.188643110245169794e+02
2.150536717224633207e+02
2.176558316084938269e+02
2.269451082094033723e+02
2.233474773896619183e+02
2.196490822381052226e+02
2.187718865509996533e+02
2.182435510696922734e+02
2.251966653353157710e+02
2.087613156071294611e+02
2.394451914638528365e+02
2.183646878008966041e+02
2.287031299845428975e+02
2.361440500244734153e+02
2.147129632930184471e+02
2.390338895036490499e+02
2.117617618945173490e+02
2.347706245750206051e+02
2.081919426074194348e+02
2.265649461438918024e+02
2.245796183476827537e+02
2.264567519615017090e+02
2.047532360250175714e+02
2.268200907030993960e+02
2.173517793379562875e+02
2.335753405158080795e+02
2.117615168056439359e+02
2.323371444283213236e+02
2.254575274899742396e+02
2.179917304061550283e+02
2.037823513904531580e+02
2.350299738400431693e+02
2.176752997625320916e+02
2.149022551332853368e+02
2.041218842996176193e+02
2.287523970301458576e+02
2.229813912422566204e+02
2.118239313350108262e+02
2.112287564200103134e+02
2.221605181795494275e+02
2.210694334019508744e+02
2.213197422917307620e+02
2.436744949914967719e+02
2.294482033766651057e+02
2.000718172506910264e+02
2.277201474869204390e+02
2.221984393913452891e+02
2.083880400376417015e+02
2.159510737556811648e+02
2.131489032450052434e+02
2.200674602131742006e+02
2.348888717973384814e+02
2.426135971411102901e+02
2.103104142902141689e+02
2.098005877352766220e+02
2.204339418649902882e+02
2.369570681690187826e+02
2.437478825672896221e+02
2.158320590628589173e+02
2.172327623583915965e+02
2.245051156913923194e+02
2.358281940110309733e+02
2.209904024102280857e+02
2.318759793769478392e+02
2.057504223381813517e+02
2.267405215272747512e+02
2.139650771545858561e+02
2.192180372068100667e+02
1.985052821846620077e+02
1.985662334330619956e+02
2.414305143353678318e+02
1.941421868430342670e+02
2.036926880371393622e+02
2.364089770489104581e+02
2.119753586145141924e+02
2.085853871068053706e+02
1.985258586999498789e+02
2.228204971288502634e+02
2.403295035177662271e+02
2.261104086926708305e+02
2.044652143759670082e+02
2.068039718864750398e+02
2.281292086597606215e+02
2.241477002211126717e+02
2.359392948121265476e+02
2.071634582346871980e+02
2.244422814973287359e+02
2.412516655107255588e+02
2.404724154470083590e+02
1.987148470008873460e+02
2.213474465033819456e+02
2.167667976047154355e+02
1.999799382617268293e+02
2.117969837403609858e+02
2.098601272168825744e+02
2.141004604301223253e+02
2.059922706117673670e+02
2.247527470116834820e+02
2.455317069188285473e+02
2.220379988531990705e+02
2.087118149861782683e+02
2.404477871839724799e+02
2.048699424534048035e+02
2.120601404126823013e+02
2.262536256086438016e+02
2.219049801772696924e+02
2.130863509343121223e+02
2.219789953043640196e+02
2.196310891584846843e+02
2.099177879140665937e+02
1.970663352928724521e+02
2.143754205983604493e+02
2.204246580231554162e+02
2.417449581131839125e+02
2.275872527881887493e+02
2.049751740914255151e+02
2.005280146469366116e+02
2.182747098093130944e+02
2.211953369352206380e+02
2.025305854855675136e+02
2.031947513540321779e+02
2.105778204859282994e+02
2.254902745014334187e+02
2.051135628660156840e+02
2.246335695937430614e+02
1.987408223386215695e+02
2.075329899650992616e+02
2.196532503085714438e+02
2.244109078652576272e+02
2.194190171447121713e+02
2.081466671372127166e+02
2.393629387268028381e+02
2.119487750124847878e+02
2.299482296037002982e+02
2.406121633854189668e+02
2.085948187149662090e+02
2.483849579498895821e+02
2.206195026108943296e+02
2.281562517256341778e+02
2.136333879702403635e+02
2.178998283282278408e+02
2.189165817901855462e+02
2.211162065374966801e+02
2.161341038475811729e+02
2.129854824855915183e+02
2.076994309074047464e+02
2.016393733561654926e+02
2.480911783054095849e+02
2.233597868009009630e+02
2.318711186126441817e+02
1.971093021110646646e+02
2.162634128277645118e+02
2.245618933910832027e+02
2.193265589767718211e+02
2.125872925564794400e+02
2.233388505309879406e+02
1.952008773916440987e+02
2.204046840884897733e+02
2.010495695612073064e+02
2.201595156750428544e+02
2.186417911725749263e+02
2.121057245801732734e+02
2.056601719948102129e+02
2.160903007943432215e+02
2.475103900793662319e+02
2.552904729938674677e+02
2.277029772675963670e+02
2.215687633253889999e+02
2.308089116688656759e+02
2.146499494185945025e+02
2.070363765273081356e+02
1.988538345605459483e+02
2.348373473066489510e+02
2.268025473477489982e+02
2.068105608276550527e+02
2.131206585386248378e+02
2.191386432001112894e+02
2.097972855651180453e+02
2.136916555746825850e+02
1.987939428785189193e+02
2.126399173802622613e+02
2.303049160504555175e+02
2.132295395337155810e+02
2.238756972024831384e+02
2.000839139843137673e+02
2.260396825422511142e+02
2.179618149032853296e+02
2.215178380048910469e+02
2.085049986263545065e+02
2.496286861417234491e+02
2.164943135766298496e+02
2.102271654490786830e+02
2.195216567902660643e+02
2.119686217797289771e+02
2.278505247113036489e+02
2.107749602018624557e+02
1.996026442812699884e+02
2.060318361119876158e+02
2.101366601142918853e+02
2.189715793592763760e+02
2.218799202139821318e+02
2.242521819260281291e+02
2.127397977237473015e+02
2.129598251147046426e+02
2.152411040388768129e+02
2.325552282335014525e+02
2.116500759627099910e+02
2.006461974144546616e+02
2.025117391933266617e+02
2.260931169038677524e+02
1.982669113220096619e+02
2.225021640010108399e+02
2.360227565794220652e+02
2.263207172958596232e+02
2.382482964150804605e+02
1.985971229579908481e+02
2.335792666643785083e+02
2.099597742847877271e+02
2.154528434678244082e+02
2.165881081628355957e+02
2.290607668767433154e+02
2.406537922213020693e+02
2.193033029226552344e+02
2.118129984031174899e+02
2.251696100988251033e+02
2.209475980577340408e+02
2.218506623246006484e+02
2.540278441210629410e+02
2.293665215409684492e+02
2.127422186926353334e+02
2.196982772107944584e+02
2.193553876822948041e+02
2.299304407232570782e+02
2.458892171622228489e+02
2.115161185823508561e+02
1.992448244059601166e+02
2.066342767874716628e+02
2.196846434887553698e+02
2.166619278276380669e+02
2.115080544722067657e+02
2.178091341267141274e+02
2.424251102442975423e+02
1.980637142562743520e+02
2.082800965719394242e+02
2.138850741471414096e+02
2.147094611186733744e+02
2.347785223633257203e+02
2.395468447931552873e+02
2.094853790720999314e+02
2.112771768401595978e+02
2.175623948694684202e+02
2.383948193799916737e+02
2.228282013691117811e+02
2.292638509308293351e+02
2.150750566686388652e+02
2.115948965840725862e+02
2.071857285572182832e+02
2.038049403622289333e+02
2.231372909235288660e+02
2.464133642546406691e+02
2.184174419708759842e+02
2.115627242486658304e+02
2.026089187801977118e+02
2.111994018201405936e+02
2.173401747611476935e+02
2.196222877461454175e+02
2.048937876129714937e+02
2.072674724516860465e+02
2.002743158252400235e+02
2.173576505454807943e+02
2.261646269125818662e+02
2.185947412005102137e+02
2.060572842764509573e+02
2.334046808422891672e+02
2.228436639992342521e+02
2.185693488613306101e+02
2.428079113176042085e+02
2.226029575614329019e+02
2.126920775429366017e+02
2.131974001580026652e+02
1.975157746041727478e+02
2.025298522104104393e+02
2.161237117564536732e+02
2.067638354126762010e+02
2.283099657780230132e+02
2.024666063813883170e+02
2.082859025629810503e+02
2.190127466987683533e+02
2.190723142984896015e+02
2.030298146798363064e+02
2.110588828948611422e+02
2.173955872655089934e+02
2.512632133161831121e+02
2.203291383562851422e+02
2.160827274558070599e+02
2.258707767218768652e+02
2.081366371758257401e+02
2.158694829764019403e+02
2.345582224743060351e+02
2.199220537861816069e+02
2.260697625605037047e+02
2.209596945635403813e+02
2.467208688518335009e+02
1.980329085350535934e+02
2.137797889167702010e+02
2.213212795049716988e+02
1.967171365295248506e+02
2.111248496315862724e+02
2.043073362183142194e+02
2.430145326711780172e+02
2.199841164025715727e+02
2.274517812670553951e+02
2.499548346487928256e+02
2.099956472918406689e+02
2.259777579301389494e+02
2.131316331244233595e+02
2.056541704848801260e+02
2.085276366914843038e+02
2.059684448874742486e+02
2.199868577796889895e+02
2.179206654122866382e+02
2.003224231661108377e+02
2.153068289778642566e+02
2.101882992181079430e+02
2.301086182056644702e+02
2.311426514117454190e+02
2.105927555126646098e+02
2.255631589033443163e+02
2.169466315823215723e+02
2.041550762584629979e+02
2.321266763455635669e+02
2.212798525764264355e+02
2.149309458369432662e+02
1.989809917807052102e+02
2.251824803326256301e+02
2.394505824111234347e+02
2.376922448069507539e+02
1.966510116844341951e+02
2.054372772419258695e+02
2.295559858330242946e+02
2.284850253567838365e+02
2.180479464895552724e+02
2.248070060775176557e+02
2.070709696472077326e+02
2.090030131998222203e+02
2.292388630131039804e+02
2.026211700846340023e+02
2.079620783817771894e+02
2.274826522554407404e+02
2.079179437326724269e+02
2.182080948236820177e+02
2.223670794910558186e+02
2.403117601162068695e+02
2.227915861008079901e+02
2.065082973966687234e+02
2.208214342502879504e+02
2.269809476611223715e+02
2.383208292783276079e+02
2.165676780485090944e+02
2.217192849159214916e+02
2.154367455988578399e+02
2.043750386362601148e+02
2.260240104490538613e+02
2.218562981576421862e+02
2.396250749400136328e+02
2.252326722609651029e+02
2.229976735193884281e+02
2.145981245225630687e+02
2.123461826016654754e+02
2.238522684986428430e+02
2.268020887126447747e+02
2.103722870294967890e+02
2.221208122328352488e+02
2.200376100438239746e+02
2.173082294047405583e+02
2.125123622176743368e+02
2.041901542624000285e+02
2.089255520924245957e+02
2.457658831646472208e+02
2.123912421104172950e+02
2.111401308324842034e+02
2.486959341385279458e+02
2.178981565070980935e+02
2.083825813272682694e+02
2.068399725061606773e+02
2.076529855085114775e+02
2.076217037604745883e+02
2.250710211683837088e+02
2.120692410995237935e+02
2.285084082472611158e+02
2.258664904437586074e+02
1.996967387773267717e+02
2.203057533210843815e+02
2.065698167338368307e+02
2.243308124273230533e+02
2.263347561158612962e+02
2.179040994965388620e+02
2.141216832432961894e+02
2.009453937285221059e+02
2.212626830111756533e+02
2.207721583998327617e+02
2.175995859765639580e+02
2.065885620356681613e+02
2.122426221927007077e+02
2.092252276528789139e+02
2.248588651234014151e+02
2.255177032033296882e+02
2.272437754488429391e+02
2.059144254975161630e+02
2.045890172720320948e+02
2.092847643469375498e+02
2.209680344969280554e+02
2.057950314934432754e+02
2.091130593555982387e+02
2.423852429335834699e+02
2.069061332261419750e+02
2.251512256599055490e+02
2.025862107516211381e+02
2.442861004581233715e+02
2.167040015519061171e+02
2.189157965612258749e+02
2.297656333242946687e+02
2.122093644188672101e+02
1.980615728971802696e+02
2.040733743727583658e+02
2.185544047674716239e+02
2.062343837271340021e+02
2.292418029742980821e+02
1.988982457298039321e+02
2.229175804702640562e+02
2.220698883506145194e+02
2.020987158165085873e+02
2.385715057597108171e+02
2.183457507255149039e+02
2.130994139862097541e+02
2.175038912610743012e+02
2.302629622368877449e+02
2.133276685766023775e+02
2.326960267135002027e+02
2.239291428617600559e+02
2.162318136229989136e+02
2.108703632045214817e+02
2.282303037945233370e+02
2.099038149390673311e+02
2.185000264970967123e+02
2.083598334301499335e+02
2.190074920897989728e+02
2.205763511085552295e+02
2.258914394871138995e+02
2.324068765813188975e+02
2.163296381591521822e+02
2.301318462936338847e+02
2.156169366731416801e+02
2.180303460862365625e+02
2.173982581099704703e+02
2.189609091662653100e+02
2.165726986716973386e+02
2.414518168387162973e+02
1.977461748250874507e+02
2.157162462961693450e+02
2.217633583940231574e+02
2.134873266809431982e+02
2.453535276690956834e+02
2.001510333230741310e+02
2.180538050564639150e+02
2.258195473573926790e+02
2.260383156166701326e+02
2.071238241894039902e+02
1.996525110175903706e+02
2.054190423447943488e+02
2.203147945869566797e+02
2.308453957529613660e+02
2.172773542751352807e+02
2.040132473827821968e+02
2.224474832214203843e+02
2.158068194006546605e+02
1.988778386447418143e+02
2.274762542274694965e+02
2.275243235504962058e+02
2.217700059834663477e+02
2.263870427056281756e+02
2.162344942994710948e+02
2.180036067969264195e+02
2.218824266313062594e+02
2.233755123708544374e+02
2.277987428005841082e+02
2.103496424410642760e+02
2.233411318112591459e+02
2.230385572923026416e+02
2.024429132476931841e+02
2.058973720558723812e+02
2.339107363776346915e+02
2.220387779294676136e+02
2.219132740420706966e+02
2.177085338938020129e+02
2.195539158406179752e+02
2.093773712363355628e+02
2.134427541009024196e+02
2.080919884953673886e+02
2.262638064830024405e+02
2.438963038875190819e+02
2.206010135318357470e+02
2.041752577992547231e+02
2.074356756431192821e+02
2.174097682091123147e+02
2.281526337962694129e+02
2.285067121339813525e+02
2.402415809476851507e+02
2.190926389668367165e+02
2.234378536983089134e+02
2.299624012088061136e+02
2.203844684362682358e+02
2.174152265920190530e+02
2.155461981820583901e+02
2.063131167058388087e+02
2.205472713553947415e+02
2.031481960379534257e+02
2.094416366260525706e+02
2.375064487988107089e+02
2.244186648283524050e+02
2.087115687182683246e+02
2.350671183733914802e+02
2.189733714005229785e+02
1.999484856060694256e+02
2.290966549749540775e+02
1.982376709560413417e+02
2.088133257112372974e+02
2.197930616470471819e+02
2.235249063175655806e+02
2.190613330088292514e+02
2.181241963745854946e+02
2.095265040563091929e+02
2.189875379568226776e+02
2.132554108020756871e+02
2.005429817640657575e+02
1.967179439900476154e+02
2.131900895176094082e+02
2.125822509687509410e+02
2.286157418349478121e+02
2.274523433926999871e+02
2.102909648916548520e+02
2.267433432468960177e+02
2.155896420258989110e+02
1.982024872446876884e+02
2.188919823160485691e+02
2.400704824943752840e+02
2.138529375635027350e+02
2.258890578858677145e+02
2.189886683724475347e+02
2.309865064377730732e+02
2.218847580935785686e+02
2.205720669523706476e+02
2.113626111695221539e+02
2.074419055683951285e+02
1.982056280197024876e+02
2.006192835678168649e+02
2.123238127518744705e+02
2.179626711642962391e+02
2.152162923046794845e+02
2.224361299482994809e+02
2.071924556403918700e+02
2.152496691193066454e+02
2.394117523871862545e+02
2.162398569365039407e+02
2.156997430285256598e+02
2.009300347596457357e+02
2.080488221117440730e+02
2.234400975679729981e+02
2.204581978041883588e+02
2.003424968253988254e+02
2.223895353076678703e+02
2.210634116714450670e+02
2.223157665774878069e+02
2.243473817334489695e+02
2.277424942406194930e+02
1.991960217324917721e+02
2.068069948834685761e+02
2.231335188985364937e+02
2.121934309862068915e+02
2.205930524699724344e+02
2.203968498309175459e+02
2.154468594573472728e+02
2.201043990479277284e+02
2.180404300433127673e+02
2.378619984329250201e+02
2.210287966686882442e+02
2.229783335279375081e+02
2.189064755406715221e+02
2.191242116478866535e+02
2.170336102190513827e+02
2.192509616469496336e+02
2.106185890707523356e+02
2.269596945296433432e+02
2.069622755799135518e+02
2.056554351188482315e+02
2.365682760502189126e+02
2.104424552050019201e+02
2.144634029871866971e+02
2.192625894167033209e+02
2.314985401241723935e+02
2.244472967705687836e+02
2.251971284784738145e+02
2.114416729362037870e+02
2.196536288751747747e+02
1.996777626959150780e+02
2.091184504136011242e+02
2.080205514496739170e+02
2.119041961592737948e+02
2.323207286051487301e+02
2.411908386166887794e+02
2.084213708512651237e+02
2.292729573740944318e+02
2.269533683947144027e+02
2.423828616478811853e+02
2.173125455261245520e+02
2.091916959596529182e+02
2.172282382579399496e+02
2.292920745128732278e+02
1.990435369439269380e+02
2.347763573373206327e+02
2.200481756060195835e+02
2.101404168501852325e+02
2.185441606710244287e+02
2.112968229494945263e+02
2.373852103381662744e+02
2.176846432688710138e+02
2.190693374445272923e+02
2.107200198423995801e+02
2.173618634922509614e+02
2.103888056945214373e+02
2.027407464508646626e+02
2.072574752062139396e+02
2.066046704840169355e+02
2.217645571334292924e+02
1.986182581163716350e+02
2.130750171389559569e+02
2.106073206622126293e+02
2.165409549667423335e+02
2.181669148011550305e+02
2.185694064814211686e+02
2.262260209103704085e+02
2.094416296950264211e+02
2.311700067257972933e+02
2.117447252285716104e+02
2.074457035775025417e+02
2.103961982054512418e+02
2.114013587227248934e+02
2.199741145399869993e+02
2.279567666901722873e+02
2.151494700373418141e+02
2.341890027542682446e+02
2.229419041555733259e+02
2.187618323877588011e+02
2.321375911694074716e+02
2.036139354095857357e+02
2.416222130107087480e+02
2.088188077245138743e+02
2.205942303326816898e+02
2.142598858485793016e+02
2.521854075678883191e+02
2.097090730720071292e+02
2.162454162126854840e+02
2.323207272915373096e+02
1.993591170870580527e+02
2.154385493393074569e+02
2.268658159367464293e+02
2.058225315487808302e+02
2.075709935567170135e+02
2.165920675109779552e+02
2.100688597721582767e+02
2.238547315923905217e+02
2.208468050685991670e+02
2.285138777571880553e+02
2.095059680752744384e+02
2.357856897703228753e+02
2.131918228361530794e+02
2.262684687613576102e+02
2.165110929394722064e+02
2.212781055871016633e+02
2.229832352175001233e+02
2.081535219075344116e+02
2.272577172758863924e+02
2.005237367969861566e+02
2.105864962998687133e+02
2.273034664309618620e+02
2.120930014511460797e+02
2.261970895996856541e+02
2.260115265099621809e+02
2.107344911517680828e+02
2.089584935884103629e+02
2.354882331299695863e+02
2.254487713427295148e+02
2.139813053445016635e+02
2.226922015302075977e+02
2.159069844542724184e+02
2.185127336835834626e+02
2.146314010399200924e+02
2.045084002917769794e+02
2.305001489967328325e+02
2.267312932224808719e+02
2.336642699272480570e+02
2.209879930541668216e+02
2.228974416670549488e+02
2.300652638117281867e+02
2.159278383325576840e+02
2.222299394002922099e+02
2.163648619158026349e+02
1.975885154622625635e+02
2.110699607357963430e+02
2.273519567731202358e+02
2.019659511679798811e+02
2.159151592788331868e+02
2.162525739966146432e+02
2.223396758845842385e+02
2.201997096106138940e+02
1.993780073630067022e+02
2.290086048507793635e+02
2.156330696463603545e+02
2.023942551229879427e+02
2.353733574546996863e+02
2.519775068305955301e+02
2.133309034943203812e+02
2.289749874372465683e+02
2.265612317915031042e+02
1.973143578081190697e+02
2.202458073308174846e+02
2.192562095216360376e+02
2.287633098935448857e+02
2.196824162237553821e+02
2.166840191229597394e+02
2.119896811449826259e+02
2.163686328103967753e+02
2.297534275728567934e+02
2.249339355818257786e+02
2.182945983510478811e+02
2.123711556099515292e+02
2.222672872465450382e+02
2.240062514130013653e+02
2.224565668127147546e+02
2.282907728781894718e+02
2.088278324792249236e+02
2.205609231563594506e+02
2.005217422246693104e+02
2.155554515411783143e+02
2.184978876439645319e+02
2.190195974746351339e+02
2.159874828399665034e+02
2.254295590630714798e+02
2.173458947580652421e+02
2.129761145026914448e+02
2.069933606887385338e+02
2.145554461597341742e+02
2.163459555757177100e+02
2.230049159783907555e+02
2.101444473125001196e+02
2.075751681989115696e+02
2.179486654735687239e+02
1.983980250039004432e+02
2.169310502654791151e+02
2.188787782951880558e+02
2.239321850467116519e+02
2.274021914845127981e+02
2.277191097323772908e+02
1.999539147125968270e+02
2.251373088819309771e+02
2.244829239478921750e+02
2.205536819737433234e+02
2.171213221327222413e+02
2.185743401349988915e+02
2.183067968882932064e+02
2.203750116026961337e+02
2.212316602846558453e+02
2.097614824443854786e+02
2.261686516608751845e+02
2.068906483152611315e+02
2.177246939548761304e+02
2.191271540249825307e+02
2.418482785472191665e+02
2.121279096519778591e+02
2.140190945440485848e+02
1.972826028052731431e+02
2.174496816181423355e+02
1.982175163538213383e+02
2.048131528601735738e+02
2.091576647437664178e+02
2.185123547639998094e+02
2.301788628597594766e+02
2.236339667655110475e+02
2.508454712080134072e+02
2.356311625359126651e+02
2.192394138945336124e+02
2.073949595158902071e+02
2.196671258027653266e+02
2.081343507671890052e+02
1.995839854802422906e+02
2.037775588015709616e+02
2.186034815565183465e+02
2.281757247191406464e+02
2.282341950704862654e+02
2.340213954759710759e+02
2.089690454542659666e+02
1.988942909944356643e+02
2.095012585502542208e+02
2.429281625047080979e+02
2.432919800165750530e+02
2.331790270933354350e+02
2.378163715122174722e+02
2.225186647031601126e+02
2.184984042359554337e+02
2.537721002076908974e+02
2.140378622537038211e+02
2.009696872617360839e+02
2.386895585621668374e+02
2.150621450923826501e+02
2.140608746470986148e+02
2.274243780990190658e+02
2.089587147935265250e+02
2.330663477912258656e+02
2.148704610114135107e+02
2.094585203411965608e+02
2.323761030554538252e+02
2.226715146683612545e+02
2.082464280454077539e+02
2.283592958886426061e+02
1.979057255719284285e+02
2.132970709225870678e+02
2.180151213149332250e+02
2.091864968736754236e+02
2.190389428616368832e+02
2.419794238020362229e+02
2.119476198522246477e+02
2.227329972827532174e+02
2.256769779118846770e+02
2.137703639396262645e+02
2.117016773075648359e+02
2.084447987553003543e+02
2.237458531188977418e+02
2.254328162677746263e+02
2.103676498840436579e+02
2.128240073999444633e+02
2.205793518695057571e+02
2.307760994416498477e+02
2.283155901582349827e+02
2.304189207599931137e+02
2.245847338461854292e+02
2.098473085333781114e+02
2.169529665505687319e+02
2.112607889701596946e+02
2.069429738070621738e+02
2.269860208664521792e+02
2.298079052408995153e+02
2.090270454357318499e+02
2.240597045048521920e+02
2.201026050196466599e+02
2.102918224313643520e+02
2.285300161693701568e+02
2.128900312626402069e+02
2.443689997994892735e+02
2.176229566967321603e+02
2.228933006147537697e+02
2.118792474062838949e+02
2.131003225721811134e+02
2.298136582434016759e+02
2.154280438018622874e+02
2.001064969017317594e+02
2.414426074244776146e+02
2.179774379725593860e+02
2.265882613069772731e+02
2.171121049233872498e+02
2.156768853021694099e+02
2.093527537877890836e+02
2.206837108117283037e+02
2.114767252790977352e+02
2.026553851001879423e+02
2.107401156982297721e+02
2.090306594156639903e+02
2.193421078851363291e+02
2.335611612937323400e+02
2.205791630410031701e+02
2.073731789599164586e+02
2.114407983606161849e+02
2.423576737193149029e+02
2.112014395451375890e+02
2.055137238340161332e+02
2.313524851364362291e+02
1.991770386587248538e+02
2.066004825784935690e+02
2.194872899655966023e+02
2.135371399328361406e+02
2.502671381942578819e+02
2.307837031879682002e+02
2.389159601177114496e+02
2.062831981553969740e+02
2.145406359376577257e+02
2.238126601079273144e+02
2.178008921647167995e+02
2.228276785475572126e+02
2.158186958461133997e+02
2.201287068444811439e+02
2.097871638691845533e+02
2.059274177603362546e+02
2.103421812296257087e+02
2.112191135076461990e+02
2.135975947577287286e+02
2.165017637367514283e+02
2.390880520152698807e+02
2.105410741101337635e+02
2.173345409213635264e+02
2.182693297509939612e+02
2.158739853608681472e+02
2.199182760870240827e+02
2.399965233632058812e+02
2.384808335951983622e+02
2.170942528263404654e+02
2.133351484841527679e+02
2.501848184040452452e+02
2.289157079309216272e+02
2.117080174114365150e+02
1.979264478421462172e+02
2.205151028297919424e+02
2.085718251227145004e+02
2.173425134231003426e+02
1.986994489242072177e+02
2.289228875716915468e+02
2.104522722029747683e+02
2.202127517628067892e+02
2.386512886922624830e+02
2.054671511916650388e+02
2.090793283556418487e+02
2.252472009552147654e+02
2.067896769544411200e+02
1.967849012161964311e+02
2.316790792980606568e+02
1.964140965408208217e+02
2.193952047885259731e+02
2.118365008265593588e+02
2.301822037795343761e+02
2.394794582445154560e+02
2.210158057452765661e+02
2.260150829983152221e+02
2.328183476680527804e+02
2.103517598305008676e+02
2.191523940123736907e+02
2.150200809365044847e+02
2.345576275754458493e+02
2.198438299498161825e+02
2.264863328504361846e+02
2.063584158165584199e+02
2.196278126148982324e+02
2.025386070328848120e+02
2.013309177320789445e+02
2.163859235279987558e+02
2.173558527597605234e+02
2.103163432650805760e+02
2.128478099386871634e+02
2.214878102768590793e+02
2.158927051177305714e+02
2.204509392660464187e+02
2.248969045776194378e+02
2.370964026331547245e+02
2.215090935293361838e+02
2.149851605713847675e+02
2.356498225448904122e+02
2.161904689887249447e+02
2.131310772036445371e+02
2.168326699163624767e+02
2.237983304269958751e+02
2.427967873165628134e+02
2.090439579817349909e+02
2.172848277656068205e+02
2.082727809476394611e+02
2.182138346855055602e+02
2.246616723324666509e+02
2.143806322212677458e+02
2.172131067060030887e+02
2.240435960594652158e+02
2.005569091310797489e+02
2.150719570280796233e+02
2.212524939165893727e+02
2.254334536735872803e+02
2.257206075730163093e+02
2.098333723906987416e+02
2.262111571165365262e+02
2.270196770648183815e+02
2.117100831853770728e+02
2.352430253963605651e+02
2.307686032861643639e+02
2.073583455352239753e+02
2.122915144600979147e+02
2.173059232513419374e+02
2.056519081914048570e+02
2.317768049523743343e+02
2.417053395817991372e+02
1.982087014253094139e+02
2.495227505394508398e+02
2.170438422721426264e+02
1.977801403995090368e+02
2.299954319133575780e+02
2.111192680811647051e+02
2.232334712548316134e+02
2.000161773171286086e+02
2.249984779133599773e+02
2.148145455726783553e+02
2.022325347191600429e+02
2.057450792068021883e+02
2.439635287664487464e+02
2.187434418537363854e+02
2.261641822459512809e+02
2.300627661969070630e+02
2.165334079791512067e+02
2.138345554027111461e+02
2.224990009665039281e+02
2.320297354516535790e+02
2.223119654799250782e+02
2.215355446171955975e+02
2.138241753105284033e+02
2.513309370507869005e+02
2.266736244294446863e+02
2.234596038809825700e+02
2.171476717917873032e+02
2.273889629145737672e+02
2.201759024080201073e+02
2.458318377890277020e+02
2.091421410371814602e+02
2.243804794980093789e+02
2.179572939048671572e+02
2.027625484388557595e+02
1.990183741256381609e+02
2.279141521902687373e+02
2.066981030746788974e+02
2.088976041648440116e+02
2.295281661923089871e+02
2.004074085953340898e+02
2.174733641671761006e+02
2.169213605274722738e+02
2.239105622498964010e+02
2.111615220937664503e+02
2.247137631470767758e+02
2.296462957124195157e+02
2.163335430572178666e+02
2.289585095053312216e+02
2.221635286019056252e+02
2.230906830684297120e+02
2.153589285611800221e+02
2.146687741516498704e+02
2.180022257543239732e+02
2.256083704972436124e+02
2.088335458951946748e+02
2.116938281786592313e+02
2.015436928247424362e+02
2.290073904398954596e+02
2.105426464297068776e+02
1.991440657822676030e+02
2.137296964299964941e+02
2.105709664712495623e+02
2.109675709832979464e+02
1.996464519800139783e+02
2.308592499882665834e+02
2.156249525654054651e+02
2.206580484461263438e+02
2.281728506406618351e+02
2.147887928091928984e+02
2.205732359562971396e+02
2.190203323268852955e+02
2.228047764185589870e+02
2.394160826525569803e+02
2.249985878955517364e+02
2.148485639272132346e+02
2.128083311259181869e+02
2.256912037007570575e+02
2.166731794173867911e+02
2.107248870535144079e+02
2.143343206950340800e+02
2.087609965257618398e+02
2.143151393388138217e+02
2.399641151036354927e+02
2.181861093981779049e+02
2.111375724309846760e+02
2.083587272560142196e+02
2.200567964853369176e+02
2.515544581005885902e+02
2.180194973450753935e+02
2.029544190218453537e+02
2.101522669517851227e+02
2.189203224239200836e+02
2.002121747194653381e+02
1.986486172519487354e+02
2.090247061228938037e+02
2.103432758523937878e+02
2.127657477152903311e+02
2.177804022665482648e+02
2.192199586038407233e+02
2.260021923530298125e+02
2.494246273696717822e+02
2.195695504061305030e+02
2.240390790652035662e+02
2.123832429929384489e+02
2.180406844060165952e+02
2.126072299844626912e+02
2.173974559176874095e+02
2.007536107534758401e+02
2.104553661275888032e+02
2.099271590597858790e+02
2.108667696123119981e+02
2.343035319055032630e+02
2.270985346373309710e+02
2.226991650934277231e+02
2.145211213913444226e+02
2.088892377367113511e+02
2.325786146571599886e+02
2.096534811560084108e+02
2.258659025036487833e+02
2.266607066748993873e+02
2.265187972313614750e+02
2.282313510002203998e+02
2.266436912384488096e+02
2.232307854314911424e+02
2.293369344068716771e+02
2.300460429457170051e+02
1.994192913185752332e+02
2.132461907207215006e+02
2.244683849322829587e+02
2.115137130601531510e+02
2.256022383329953414e+02
2.278855846119454327e+02
2.228546353637471782e+02
2.041636206527711579e+02
2.122987490717061121e+02
2.025055769679340756e+02
2.126869410815552897e+02
2.132516919129427322e+02
2.351716020092107442e+02
2.229216971502334275e+02
2.246757752769535159e+02
2.206528102867931125e+02
2.337797079186163387e+02
2.561311804760571817e+02
2.114783756242595700e+02
2.186674978954789026e+02
2.200775249030127725e+02
2.263824822311936487e+02
2.158858907353026666e+02
2.054477054206181208e+02
2.314685728549359851e+02
2.245156079989118894e+02
2.108231078877074083e+02
2.141127845983207862e+02
2.245789406195658557e+02
2.212666888137267733e+02
2.106750944312721288e+02
2.238330796955483208e+02
2.153975368948371454e+02
2.163509750229245583e+02
2.361752428626963933e+02
2.093748946691869719e+02
2.180964293232001410e+02
2.143199244816407543e+02
2.170327092016036374e+02
2.263037687933361042e+02
2.252707245438342625e+02
2.056198567270331523e+02
2.487907954433582631e+02
2.373126193075592312e+02
2.222573142221443732e+02
2.198019770427506216e+02
2.247277288593919593e+02
2.107439220285598367e+02
2.061128135469066081e+02
2.385943821979183213e+02
2.187986521048733550e+02
2.260873894100518839e+02
2.182183934347372656e+02
2.180332421104101570e+02
2.410469176737607313e+02
2.245967139963702834e+02
2.100486449316400410e+02
2.086004897137365788e+02
2.307813976595727468e+02
2.235538399922826898e+02
2.298656843191442931e+02
2.093349718704390057e+02
2.137788548923058443e+02
2.241375794079329182e+02
2.124777625156782506e+02
2.210544925121227209e+02
2.035206843048592873e+02
2.175206641778671042e+02
2.115973830551798471e+02
2.087632251158734107e+02
2.140702350016504170e+02
2.407815620878974698e+02
2.082624932247408651e+02
2.121894490671467963e+02
2.092922554456936552e+02
2.325437704844007101e+02
2.336733588959276062e+02
2.092826288966823256e+02
2.171851599170466329e+02
2.115103646075935444e+02
2.195297170704495215e+02
2.228561391082319005e+02
2.113522081333291283e+02
2.159670677573094792e+02
1.987876680300963699e+02
2.222067716376667477e+02
2.198616962848020364e+02
2.077259112173949802e+02
2.002290491639900836e+02
2.097076568354361541e+02
2.296785848368527638e+02
2.095475821406505474e+02
2.248086214961050757e+02
2.148103726967306955e+02
2.033945604156708669e+02
2.179106467523757544e+02
2.180042147423293386e+02
2.345394739472641277e+02
2.223612866178383456e+02
2.245386537911879827e+02
2.090786894155272648e+02
2.132491836054392138e+02
2.066757992232775791e+02
2.119020229238178672e+02
2.306157554500094307e+02
2.266407956233617256e+02
2.112397970792193576e+02
2.343434799715591339e+02
2.262233984403216027e+02
2.017173737755015850e+02
2.144033651772458597e+02
2.314377155739997249e+02
2.174465489558257048e+02
2.144145386555413211e+02
2.295321795638989499e+02
2.173530116574678459e+02
2.486021592956580548e+02
2.165183948571736039e+02
2.043072212572496085e+02
2.295614719716602963e+02
1.996252442238633478e+02
2.103191616884834616e+02
2.130068953361714534e+02
2.264316820388959570e+02
2.144336995262982839e+02
2.292018216018249746e+02
2.284230324820175326e+02
2.204920343923784571e+02
2.176941589389832359e+02
2.465320154793325003e+02
2.133372545525901387e+02
2.234040939173693801e+02
2.257625813847541565e+02
2.147038095383437337e+02
2.311269853984445604e+02
2.219476932166456606e+02
2.211323338536149095e+02
2.141504271598725211e+02
2.290868622169460025e+02
2.179813259897888429e+02
2.190150151983576166e+02
2.231571117546052960e+02
2.150331671351493128e+02
2.258981442225974092e+02
2.226594847398046113e+02
2.151002501873434483e+02
2.176338910006726621e+02
2.161675041036439779e+02
2.138946696155339282e+02
2.095984299189230455e+02
1.974676504883090331e+02
2.239547772494246942e+02
2.039515076644069893e+02
2.115698642442378059e+02
2.101495459109755188e+02
2.181638870609506853e+02
2.385522959149225244e+02
2.074048944315250651e+02
2.107951709922738530e+02
2.223169728448394835e+02
2.373326772164438125e+02
2.063357990950104863e+02
2.097694797446837356e+02
2.113681465823578947e+02
2.185170148772383811e+02
2.240887855638108022e+02
2.057575119325698836e+02
2.271106097242226554e+02
2.135402009825177743e+02
2.263266297800298901e+02
2.097449463659004891e+02
2.216388530419793312e+02
2.084057101023657026e+02
2.275648168807075535e+02
2.322310255381933928e+02
2.233265431589163938e+02
2.405753680271583335e+02
2.236813807329929773e+02
2.162834174501025473e+02
2.046361564540200106e+02
2.396817130387616146e+02
2.245398127322812627e+02
2.218656881446103739e+02
2.191230554858730954e+02
2.096624109317052103e+02
1.993164362072899962e+02
2.160669938882016083e+02
2.107193152774848954e+02
2.156048370329656052e+02
2.182448212140767509e+02
2.173434996265037285e+02
2.438111407694260038e+02
2.136742962115735054e+02
2.246074880495013417e+02
2.140361479985969879e+02
2.254507326230617537e+02
2.292204552054635087e+02
2.115991715099431758e+02
2.434329464588157919e+02
2.469083636608029337e+02
2.150905639127019526e+02
2.176200712801424118e+02
2.269065241358261176e+02
2.184678813771201362e+02
2.111641874921782858e+02
2.121594817047104016e+02
2.096640849774659898e+02
2.236785568838628251e+02
2.188022775112532941e+02
2.092506914349764031e+02
2.278871438369987175e+02
2.158638958526761940e+02
2.091068165019578373e+02
2.055758864116068594e+02
2.087093632438675854e+02
2.454703654574699669e+02
2.132468594064237095e+02
2.311498348636785067e+02
2.002321195006483663e+02
2.020858431437862919e+02
2.244553610685994727e+02
2.152106367529823956e+02
2.300527684441531164e+02
2.244353520241265585e+02
2.168546309526792868e+02
2.117290548194269775e+02
2.196890143100204114e+02
2.209109210021732110e+02
2.114408868230513576e+02
2.342206608432517214e+02
2.325243781498471662e+02
2.132053222798840864e+02
2.184647336310841581e+02
2.141534996106478559e+02
2.106275074167509729e+02
2.093110129550548208e+02
2.358974457113610015e+02
2.175677733100455953e+02
2.375874297518855371e+02
2.139205880822462973e+02
2.185301194200210375e+02
2.373083495215583696e+02
2.122570567960310370e+02
2.078122153380521695e+02
2.060819113542444256e+02
2.166044225852143654e+02
2.112944117615379866e+02
2.227797897814070609e+02
2.241827059048119963e+02
2.231403590102546559e+02
2.295560769180691238e+02
2.230341913185547185e+02
2.299361668278358195e+02
2.060105821514337947e+02
2.037843248277640100e+02
2.216644956604285710e+02
2.138587920182424966e+02
2.128837653766071014e+02
2.177238517238013742e+02
2.235051643041220757e+02
2.144201671734485330e+02
2.251118984380606207e+02
2.308673535019441374e+02
2.102020608102142205e+02
2.259255386702480166e+02
2.135214659470582603e+02
2.317152737194295469e+02
2.148082199713857108e+02
2.280915514736068417e+02
2.176132046783563965e+02
2.265009340702586371e+02
2.219298859392501981e+02
2.365056471276532193e+02
2.155196288182239357e+02
2.312132596267665008e+02
2.383631856508058604e+02
2.115543379725134514e+02
2.277229061410255326e+02
2.373660636993447497e+02
1.994884420744176055e+02
2.110281461931494391e+02
2.138426727528470508e+02
2.121361348535548643e+02
2.237518552879071194e+02
2.199871030830539667e+02
2.178842523117395444e+02
2.162980602390211970e+02
2.133766507815572311e+02
2.317390423572658733e+02
2.081358168836899267e+02
2.372622690615331749e+02
2.217803728303875914e+02
2.375023401778369987e+02
2.138015661361705213e+02
2.137281055159280356e+02
2.077486435112299148e+02
2.101123968216146523e+02
2.217600267514540917e+02
2.164269864594100454e+02
2.264016471189550543e+02
2.163244485922986371e+02
2.375028038907614700e+02
2.431907420458936429e+02
2.443935225602678258e+02
2.190312944594710132e+02
2.443002717953329466e+02
1.994081748039236004e+02
1.971724510181877577e+02
2.162350961273162966e+02
2.101428559845617485e+02
1.977530156661321143e+02
2.164678147308813436e+02
2.115552989495000418e+02
2.367898545401727972e+02
2.198481367242443980e+02
2.139159126147232257e+02
2.190964294225137792e+02
2.169289023238048344e+02
2.059060133323323498e+02
2.108995404722978719e+02
2.132785717599549002e+02
2.210825044211886166e+02
2.335653740562721339e+02
2.465658955050424765e+02
2.273378998997256133e+02
2.310197254545284977e+02
2.126211045537041286e+02
2.224842012227503005e+02
2.096479836779663515e+02
2.208182984648196907e+02
2.178175762385617418e+02
2.374940642933212871e+02
2.207972976638896796e+02
2.214613602471794991e+02
2.268729050889434689e+02
2.058041106945227057e+02
2.233858301921762006e+02
2.474059263099974828e+02
2.086425705362749454e+02
2.294413139167363909e+02
2.240902549924095695e+02
2.123765442555137497e+02
1.988109671934179516e+02
2.038005770845921916e+02
2.288016923316951647e+02
2.036394564231163145e+02
1.983364167560880844e+02
2.259087025766984880e+02
2.057629816582195019e+02
2.270956891159395923e+02
2.367383699011310512e+02
2.184543896695804506e+02
2.108058237004745763e+02
2.110184901523164456e+02
2.130667038068650641e+02
2.031345472958210792e+02
2.149514458503763592e+02
2.250162688661845323e+02
2.317284855319790609e+02
2.124520774591121040e+02
2.185250339842204426e+02
2.304109373456693106e+02
2.233209837968666989e+02
2.251839925263540465e+02
1.979745793521697124e+02
2.130442484327611510e+02
2.347066994835819855e+02
2.258354799290570725e+02
2.201172886348099098e+02
2.200647729498624585e+02
2.215303567238939308e+02
2.102782820018541656e+02
2.331644220247735575e+02
2.349586405349155598e+02
2.224367897095961268e+02
1.999011154139050461e+02
2.142408665917434405e+02
2.267805184199789892e+02
2.188366131453815910e+02
2.188965513784028190e+02
2.303618957046672904e+02
2.084388348926992762e+02
2.106830287700924202e+02
2.214440102348186485e+02
2.196737283511070302e+02
2.071286696601118820e+02
2.054566968463771275e+02
2.093169067334577562e+02
2.231205026726348706e+02
2.235432709449844708e+02
2.144464428517645729e+02
2.076460378719177129e+02
2.126926312767243132e+02
2.394969727296469841e+02
2.229062885328073378e+02
2.330316318954974975e+02
2.136673255517069663e+02
2.123782180770681407e+02
2.198040308968553802e+02
2.348006337959003247e+02
2.392038982776149680e+02
1.972106094628302060e+02
2.000573876466208390e+02
2.109972192722127033e+02
2.427509286595823426e+02
2.146902356057381667e+02
2.252548383767122857e+02
2.231416534664138567e+02
2.147931815661312669e+02
2.302488144746178307e+02
2.334393462020586298e+02
2.161725498129887910e+02
2.036839594820871469e+02
2.106634915377971140e+02
1.971000720851898791e+02
2.128269458803564191e+02
1.990377037228231529e+02
2.246881326630656304e+02
2.114856939843107853e+02
2.304754031220015520e+02
1.992288608816782016e+02
2.181358310735899408e+02
1.992312611156264666e+02
2.071939386076759035e+02
2.394151864712934525e+02
2.213546325226860461e+02
2.103356518997026114e+02
2.317159049909948010e+02
2.147797075938992464e+02
2.137585820279905420e+02
1.999678387979820968e+02
2.017813179948229561e+02
2.243288479074333281e+02
2.239016973374760369e+02
2.135428677822550299e+02
2.098904377038333848e+02
2.115095174072263262e+02
2.441762663917365899e+02
2.222619384187415790e+02
2.379567919223055128e+02
2.276553187449202369e+02
2.173404030200903776e+02
2.234152318460376136e+02
2.090464205703762559e+02
2.140479885012768193e+02
2.067695915426502893e+02
2.201357385985867836e+02
2.243967736567686018e+02
2.112086100667294204e+02
2.368121741383948233e+02
2.059847246166532955e+02
2.135547050501602371e+02
2.048304414969241520e+02
2.141189800723979317e+02
2.440699135236956181e+02
2.279663326502398775e+02
2.285821546412736041e+02
2.180448019181500285e+02
2.260926517202037189e+02
2.255822965101320392e+02
2.119216078721756844e+02
2.244570880196689018e+02
2.109769304234580432e+02
2.163585175913798651e+02
2.036492655275146149e+02
2.155404037668363628e+02
2.085285503305846930e+02
2.319539218887983338e+02
2.226728260356272528e+02
2.150191914480857065e+02
2.000822243511765350e+02
2.126786524277436001e+02
2.105936367452981131e+02
2.539156264687874796e+02
2.199714507968752457e+02
2.371256352515385402e+02
2.201627199229658345e+02
2.268031086642230321e+02
2.212478256009210043e+02
2.186104752177519686e+02
2.298272412576965564e+02
2.249440277203555638e+02
2.295613745484583035e+02
2.250063431931918103e+02
2.308421065245631780e+02
2.197246214037547247e+02
2.069026892031432112e+02
2.227643221311472814e+02
2.418693391736721026e+02
2.268604728079359631e+02
2.424748229765695555e+02
2.308737059819305273e+02
2.357108957444027624e+02
2.349864583384957939e+02
2.175464001982132913e+02
2.173150209817805205e+02
2.262495296607485784e+02
2.419118162175398083e+02
2.429474553653368503e+02
2.164326462531700770e+02
2.000596099838753048e+02
2.122382835073841534e+02
2.164822285986838040e+02
2.118673655377977525e+02
2.140692936702434963e+02
2.197788169115104608e+02
2.299708805612584399e+02
2.194834851315251854e+02
2.092124703001758235e+02
2.195711172811666643e+02
2.344599800159772087e+02
2.139763708981790273e+02
2.179471568776590402e+02
2.208530844084526166e+02
2.152707892379258396e+02
2.042445469515767513e+02
2.078595431202489578e+02
2.274727981134998913e+02
2.276648538060152021e+02
2.304956815754558761e+02
2.256113081710131780e+02
2.131803811278041962e+02
2.429940018458584916e+02
2.082542976289554417e+02
2.090732510036673659e+02
2.111826783370638623e+02
2.135610319187432538e+02
2.185877170170978161e+02
2.275944204394036774e+02
2.185759402403157310e+02
2.261635446469823876e+02
2.251723882693512451e+02
2.303435261153456963e+02
2.202713711424986514e+02
2.062328104188295583e+02
2.143023915279307516e+02
2.314163590792932439e+02
1.998460736292279307e+02
2.204555219314800070e+02
2.490050771531446401e+02
2.260666721135690125e+02
2.154093895659790405e+02
2.145525223010914715e+02
1.975751889776241796e+02
2.212977258794494446e+02
2.142824465515230088e+02
2.493472035415704511e+02
2.125718815355737092e+02
2.106010879770907422e+02
2.159293300948789067e+02
2.196297837948499136e+02
2.251609062522437057e+02
2.206011791543280367e+02
2.090879625213636075e+02
2.212783569837992843e+02
2.295689224665507027e+02
2.154274489788297160e+02
2.165117902808691213e+02
2.146014884361613611e+02
2.085988552586207163e+02
2.413629906331469783e+02
2.071047031883875604e+02
2.138288138378572398e+02
2.388767608710376180e+02
2.249945756554743070e+02
2.001437939231593646e+02
2.300396129951064950e+02
2.271811226265261894e+02
2.083959286937117668e+02
2.228559571538447130e+02
2.111222363252758214e+02
2.287496998655715288e+02
2.320231594716454140e+02
2.144825297301092348e+02
2.319995838172715139e+02
2.043386087432025988e+02
2.308342963035968580e+02
2.094465498694947598e+02
2.091895381994297622e+02
2.181198533247575710e+02
2.336691556010098338e+02
2.128528066614920249e+02
2.028070421671772010e+02
2.110123761039948249e+02
2.201545997632406966e+02
2.163025084596445140e+02
2.083382716501237155e+02
2.085879396586338714e+02
2.322971498305815032e+02
2.266189301250758206e+02
2.182103114049717192e+02
2.143952122018079365e+02
1.985087662283531813e+02
1.994663023735903948e+02
2.176446911037332939e+02
2.194062998180738191e+02
2.303564707397663085e+02
2.102715016943995465e+02
2.283800710944528873e+02
2.189438315965195443e+02
2.234350357630510757e+02
2.234378969500601784e+02
2.002800108051947632e+02
2.255982836711441450e+02
2.180836945754889484e+02
2.140630106331166189e+02
2.224322779590216328e+02
2.237696121799714604e+02
2.322088038995195518e+02
2.066876020983457352e+02
2.178259535807958684e+02
2.366053685400435143e+02
2.013636386592835379e+02
2.142893067990004852e+02
2.071143660209268091e+02
2.452058631470553394e+02
1.992714413152370412e+02
2.117967129024507926e+02
2.142617706820258263e+02
2.231067979625147757e+02
2.196493272968311032e+02
2.269280736864309347e+02
2.146715869786678468e+02
2.139581946936920360e+02
2.239888302654392760e+02
2.474301478570660038e+02
2.175641091419103645e+02
2.207726894945461140e+02
2.050091016871575107e+02
2.503385846008998499e+02
1.984908342529073479e+02
2.094189540445124749e+02
2.130880518239542880e+02
2.216199397562405693e+02
2.107840971271801322e+02
2.234837482782871234e+02
2.126815496202154634e+02
2.127764821419031307e+02
2.109747585746427490e+02
2.117978567111858297e+02
2.182417208636982764e+02
2.436822877829150116e+02
2.084576050301161558e+02
1.997100624091383452e+02
2.116198496440505323e+02
2.239788863504007850e+02
2.017842313462541597e+02
2.541216939875824323e+02
1.993929881887700049e+02
2.179900711918780019e+02
2.202439270772198370e+02
2.287901473957493010e+02
2.238327688670265161e+02
2.352353735468851994e+02
2.175132083707356969e+02
2.188143006648101050e+02
2.163571639841572107e+02
2.004372634854490798e+02
2.231285452125335667e+02
2.209003813982175757e+02
2.328159698102549555e+02
2.213017281409851194e+02
2.089893721229416315e+02
2.056853225190638454e+02
2.199505401238408240e+02
1.976802821321732324e+02
2.180147181433193282e+02
2.433177293461474449e+02
2.296766703776754355e+02
2.213567783117477745e+02
2.259373601880654974e+02
2.326883388209891450e+02
2.118507152740450010e+02
2.204624778715644027e+02
2.184083397748273114e+02
2.317365479769707122e+02
2.129579908182421093e+02
2.202144454291392037e+02
2.308902481785057716e+02
2.150807521867071728e+02
2.172891969472632070e+02
2.201519479608193706e+02
2.292086541583409485e+02
2.168169102714185215e+02
2.099568881556409963e+02
2.288700713780499143e+02
2.191586135627337057e+02
2.176995215143208782e+02
2.177866673666098905e+02
2.093835599087930461e+02
2.094734613360885760e+02
2.157053567352471646e+02
2.156648090384842078e+02
2.223151577005161812e+02
2.238584704734424520e+02
2.249419590910753755e+02
2.001954125550971071e+02
2.119311520652565548e+02
1.984073280305004516e+02
2.226009818534034252e+02
2.147592938033448604e+02
2.103314461912991646e+02
2.358950124128639914e+02
1.997514653052189715e+02
2.093362718893332612e+02
2.067937218178567775e+02
2.419857251003538750e+02
2.280272616124747742e+02
2.099031826035075312e+02
2.189744783855587968e+02
2.059936919067533267e+02
2.187237922574403512e+02
1.976564127375658018e+02
2.114108450459167727e+02
2.324829124412729584e+02
1.974017720501068425e+02
2.150516655107816746e+02
2.293363559428007648e+02
2.233950563624786128e+02
2.388814937148720219e+02
2.196481266145704581e+02
2.145462177430171664e+02
2.169886824234750122e+02
2.258273429146483124e+02
2.090385652116235917e+02
2.117480682165925430e+02
2.107526878474717762e+02
2.187167385366298902e+02
2.267029334723174259e+02
2.223221978866765483e+02
2.068745667887843638e+02
2.041610316865055665e+02
2.103617969649629345e+02
2.150566972487237933e+02
2.178088021555391833e+02
2.237336848317694944e+02
2.460462641380647142e+02
2.204496037876287744e+02
2.110637357003326997e+02
1.990934131083874945e+02
2.248837355798653164e+02
2.205623486392737505e+02
2.130297966640598020e+02
2.267811614375714271e+02
2.117584708254636325e+02
1.981035244216452043e+02
2.270458491294878627e+02
2.271990754968418571e+02
2.072459488717329350e+02
2.301105490717365285e+02
2.143220967118402882e+02
2.217541387225417964e+02
2.201151011349376176e+02
2.339674766741643168e+02
2.135767019694370674e+02
2.296173880519672821e+02
2.347705610107168752e+02
2.119690410393374691e+02
1.995972074532567149e+02
1.980685087897242624e+02
2.214714069323992476e+02
2.143640444377944334e+02
2.298855674679964523e+02
2.118712975628987465e+02
2.234230933922426061e+02
2.217305890778436606e+02
2.128248749879268189e+02
2.094948154205187620e+02
2.105982941037870830e+02
2.162327973868352728e+02
2.107303023370856465e+02
2.007933795928277618e+02
2.271905539153617610e+02
2.093728062590847117e+02
2.202755705322738038e+02
1.980225454962147751e+02
2.285176348250608669e+02
2.295724642800234960e+02
2.158987124875912684e+02
2.112628459822232116e+02
2.194290879581479317e+02
2.236743946460602217e+02
2.236814206183148031e+02
2.381683653318505378e+02
1.990671678906918203e+02
2.232281339528663011e+02
2.117534627247841286e+02
2.072338486145920058e+02
2.258706584194791560e+02
2.388631810186068947e+02
2.170095952123323002e+02
2.322188155062254964e+02
2.201377307535369994e+02
2.212831090840332990e+02
2.322223855831445860e+02
2.446687345470797368e+02
2.126263111706203688e+02
2.179646489571695440e+02
2.193077759103369999e+02
2.193032335450258188e+02
2.250677257983840320e+02
2.118326333581615017e+02
2.262297726659162151e+02
2.340118689538884382e+02
2.229489490666899485e+02
2.148303016095690054e+02
2.301114955556181201e+02
2.170622014763363836e+02
2.068840845040163856e+02
2.164443157221479055e+02
2.283961053350084285e+02
2.112607283869404000e+02
2.101475241683737067e+02
2.114064695123994682e+02
2.276161799085059840e+02
2.237540920682901913e+02
2.251179787696438552e+02
2.083798927965159464e+02
2.232250152486152501e+02
2.055596643524550302e+02
2.381074916212191681e+02
2.183395097501937698e+02
2.139929564536665225e+02
2.251873189601597005e+02
2.319543503221445917e+02
2.056412356447033289e+02
2.248970377413960477e+02
2.122365305446566879e+02
2.059320767248799200e+02
2.120654183885981467e+02
2.054965220884179189e+02
2.174016361651029285e+02
2.306810046253633857e+02
2.493190974502334711e+02
2.141903965586124627e+02
2.371498211299349919e+02
2.459879884864733413e+02
1.994465850479935511e+02
2.097035997231948556e+02
2.183910689383945112e+02
2.023898653570566353e+02
2.176852640180004244e+02
2.404498183436512022e+02
2.124467778623664742e+02
2.072636079031428835e+02
2.187343826684177088e+02
2.254809278228698872e+02
2.343762597872525077e+02
2.276921026944137338e+02
2.161847721438727490e+02
2.381721042796653478e+02
2.220285751744758329e+02
2.289853483069642834e+02
2.367247827956724393e+02
2.184131494034881769e+02
2.176330979247128425e+02
2.134394699667665805e+02
2.150348298402158491e+02
2.161786293759778346e+02
2.294844091532624759e+02
2.158799558305868800e+02
2.027209197723937848e+02
2.065192438665976908e+02
2.154905606623012488e+02
2.107125149986287056e+02
2.386377796759362866e+02
1.976480054956944628e+02
2.172635180782278894e+02
2.169428978738476417e+02
2.044749270028512456e+02
2.188550757234526429e+02
2.212409869841561090e+02
2.244809814913821242e+02
2.378921972604862276e+02
2.235082815054749403e+02
2.432242943934497248e+02
2.134640587943015362e+02
2.405412309744456252e+02
2.359165896456862868e+02
2.283708194596421492e+02
2.062933964729135994e+02
2.266473754999757659e+02
2.304685616250838507e+02
2.029922338204455059e+02
2.183790468246544094e+02
2.303709937091247184e+02
2.253753755916903003e+02
1.982200950905415198e+02
2.226273039284336619e+02
2.159604255198069040e+02
2.185884667571154125e+02
2.253660625688593200e+02
2.255263228573788297e+02
2.272103380208816077e+02
2.138626125920466734e+02
2.138977199654231924e+02
2.101461466954710602e+02
2.240229705883317024e+02
2.255003988888508957e+02
2.134272864750236920e+02
2.025432938735479240e+02
2.359402155003554071e+02
2.280908901351784550e+02
2.483889953641963189e+02
2.168388985496481496e+02
2.212148656929123263e+02
2.166043463313063455e+02
2.100210295399221820e+02
2.031575179348115512e+02
2.102954487035062527e+02
2.180899765156691217e+02
2.087970965870138969e+02
2.118236882414606441e+02
2.108522581002210359e+02
2.120268371166379211e+02
2.094027104682528773e+02
2.103691942547040981e+02
2.097324369735853509e+02
