1.886773752935977200e+02
1.947836080138256136e+02
2.068357909092587192e+02
1.646646512006662988e+02
1.838994872298854091e+02
1.742526979401140466e+02
1.904726267627544871e+02
2.295993595202377549e+02
2.173731962680199672e+02
1.948271770332941912e+02
2.248019551817531010e+02
1.954446289555088470e+02
2.526999648074477420e+02
2.094357363589723207e+02
1.896820303987765897e+02
1.919386914729156501e+02
2.338470615841203823e+02
2.884282197401446979e+02
1.929543747186198743e+02
2.188517566891044055e+02
2.013716008829335919e+02
1.984691313323259294e+02
2.351740045269098118e+02
1.966205125335782498e+02
1.908854952491951451e+02
1.946706385716382215e+02
1.937603831746820617e+02
2.232456222085889408e+02
2.010801795692057112e+02
2.009961898311828463e+02
2.187469833224788260e+02
2.520529737733170919e+02
2.107588826236808472e+02
1.777537201859622940e+02
2.104912985107475265e+02
2.168293499166476863e+02
1.947979794427776028e+02
2.265387654929815540e+02
2.264144807264272004e+02
1.947111128298234917e+02
1.955580158471916263e+02
1.945209041051632823e+02
2.074401987010565449e+02
1.631875468212967917e+02
1.915216521700861563e+02
2.758577005878872228e+02
1.945406221916954053e+02
2.345100824198641760e+02
1.984612791424653153e+02
2.147390607431331091e+02
2.478146874296721194e+02
2.289997108780615065e+02
1.957650093935853022e+02
1.889214310396802716e+02
2.148214538188903759e+02
2.301409743505498398e+02
2.265266078691511211e+02
1.932856832697711980e+02
1.683087285813327298e+02
2.208946542516309250e+02
2.435658336431359601e+02
1.843036863322189731e+02
2.100574399861421000e+02
2.267040213767994601e+02
2.003155067838663683e+02
1.973769040052378614e+02
1.939280232037782810e+02
1.984450832152176645e+02
1.647033269802483346e+02
2.211722341693416070e+02
1.960152831997940552e+02
2.199416144420266619e+02
2.042390659029196343e+02
1.943371662915913305e+02
2.142907413280163382e+02
1.968971404906491784e+02
1.903002301547553827e+02
2.075164660074563869e+02
2.063831386037986988e+02
2.115669648961461462e+02
2.213497448315456211e+02
1.977812836603532958e+02
2.093502169296089619e+02
2.193458949645520590e+02
1.939218516817130649e+02
2.085806745484720750e+02
2.226787631528286795e+02
1.923993952435276071e+02
2.469705575391981824e+02
1.998500412184062611e+02
2.309422774132855807e+02
1.930657570723791423e+02
2.359197626818030358e+02
2.165228831239860767e+02
1.901498213314685586e+02
1.812522609227546866e+02
1.431984708065749317e+02
1.820765593345946627e+02
1.900496240632276681e+02
1.876515065605470340e+02
1.960779477996387925e+02
2.398153097870436170e+02
2.063016154653686556e+02
2.862050805584155455e+02
2.225677020325629769e+02
1.843149948940159675e+02
2.110415433754177741e+02
2.006036522814433170e+02
2.121673873963597146e+02
1.921304073997463036e+02
1.999494058680612056e+02
1.931160853480716071e+02
1.924918911352785358e+02
2.256117041209207912e+02
1.830634871395364485e+02
2.653493434243187039e+02
1.892126042969649120e+02
2.062779955866276396e+02
1.948385966024789298e+02
2.068178268293091548e+02
2.228089495654946859e+02
1.756174393433653620e+02
2.275352129234781273e+02
2.187039270467120673e+02
2.156563318172541983e+02
1.895462588872849778e+02
2.077176888992011925e+02
1.641617038866626785e+02
1.943811126270810234e+02
2.298707589656766856e+02
2.204928451639068498e+02
1.889153487475688564e+02
2.013464780164892716e+02
2.144461224088616689e+02
1.930580583251457938e+02
2.182305883319752411e+02
1.959714196708391398e+02
1.782961362610694493e+02
1.999702389592814598e+02
1.832904109639562193e+02
1.607356570767018411e+02
2.039647123800117754e+02
2.103601350201682294e+02
2.626491108376685588e+02
1.593458468798731360e+02
1.848972604509504549e+02
2.973611097368077480e+02
2.013560161635060410e+02
2.113021881036968637e+02
1.933920387788749622e+02
2.265132470521476193e+02
2.078899213879024614e+02
2.234311607248924929e+02
2.067427323672978332e+02
2.137823566187099402e+02
1.983713986668444988e+02
2.051220325467725161e+02
2.351134691953471361e+02
1.959149926509309410e+02
2.097562866517390034e+02
1.951771209210028530e+02
1.789833334982696158e+02
2.195324107455060130e+02
1.998269345388561646e+02
2.965146597004924161e+02
1.824691535664753985e+02
1.947581650720279924e+02
1.837758030225076595e+02
2.210733705448033390e+02
1.972308338186057881e+02
2.252752851505485978e+02
1.679868630631630708e+02
2.009333742399423670e+02
2.201104922121062373e+02
1.967004501864107624e+02
1.991603255740340899e+02
1.938658767578994571e+02
2.787550610382905347e+02
1.783591827687036471e+02
2.152098021627448077e+02
1.836143177073790866e+02
1.800684031793003044e+02
3.062411260498308820e+02
3.106471383689697632e+02
2.057167644394601211e+02
2.297021281539700794e+02
1.989514645916767961e+02
2.079761013116552704e+02
1.958270280802207708e+02
2.575225570505483574e+02
1.892903860142607471e+02
1.979338644683377595e+02
2.116524956637720720e+02
2.032885689889305922e+02
2.186029637040688556e+02
2.393476980162719769e+02
1.952369019999820523e+02
2.243018292366423054e+02
2.061647838650774531e+02
1.926289816852486183e+02
2.185365554045503700e+02
2.279769503230474186e+02
1.710246850450533884e+02
1.842128664779364158e+02
2.430944529736553932e+02
2.032144360691734732e+02
2.568136278864428732e+02
1.921086278399922946e+02
1.993665370354450204e+02
1.843704319968866514e+02
1.965868519507973247e+02
1.906915084668380871e+02
2.391079094494715491e+02
1.971681171533636245e+02
1.979563463757033901e+02
2.334140742144632554e+02
2.356659896814204274e+02
1.958237069929341203e+02
1.937742114543304126e+02
1.907712594961353432e+02
2.243543185655175591e+02
2.034636322825725756e+02
2.321883649509347549e+02
1.917362437714208738e+02
2.597013705663945871e+02
1.749495011875562795e+02
2.062808357975570175e+02
2.763248689440526391e+02
1.976042400723873413e+02
1.906805281588968057e+02
2.260674672496285496e+02
2.523773302286238618e+02
2.046357382935265719e+02
1.892887823490317487e+02
1.896878880642690604e+02
1.626996178980782872e+02
1.922392966136520158e+02
2.079101929377708871e+02
2.102956136155669924e+02
2.135290019487970312e+02
1.933891827323546408e+02
2.266620549546159680e+02
2.418083310278662452e+02
1.863913189688651926e+02
1.865239398997814249e+02
1.895294754300402928e+02
1.818757708274753782e+02
1.730653718137179169e+02
1.982477581854450648e+02
1.931532940964159764e+02
2.089624543230711140e+02
2.355546100437917119e+02
2.118717033444339961e+02
1.859518840981571657e+02
2.033541750031381525e+02
2.597887607118404389e+02
2.027054475163970153e+02
1.819846899647111513e+02
2.084386097072171538e+02
2.104826259263495274e+02
1.772994732207120876e+02
1.887887306293208951e+02
2.016072765931712354e+02
2.014871824159331766e+02
2.161736712379801872e+02
2.349787428624090069e+02
1.868556529968838333e+02
2.254172305506198484e+02
2.086902466917674417e+02
2.073515183127875616e+02
2.231675543653877867e+02
1.944242293738650176e+02
2.168701409081220390e+02
2.088160819027105504e+02
1.858199388878990987e+02
2.002167914415545624e+02
1.850779330457104095e+02
2.377428282169201736e+02
1.991527483233489590e+02
1.919462555920343618e+02
2.276870422555741129e+02
2.326114547743673597e+02
1.994500307776083332e+02
1.827093603069749292e+02
2.313595932723967223e+02
1.920639524963277154e+02
1.960633637563085188e+02
1.755373189057977186e+02
1.987627856522037462e+02
2.510392676751659451e+02
1.933427173217446011e+02
2.474967189193809247e+02
1.951945788540628541e+02
1.855751270732824594e+02
1.936062007585703100e+02
1.969188195094175740e+02
1.917497744470915961e+02
2.183760420226862777e+02
2.071455216911778621e+02
1.845255735160046413e+02
1.674937932315465048e+02
1.921872538785959250e+02
1.978248801813080036e+02
2.100636550264545974e+02
2.249459411615850684e+02
1.979286865061663718e+02
2.337092599832653832e+02
2.339458800057307428e+02
2.127763016018472229e+02
1.908344201942796872e+02
1.866234800029109238e+02
1.949504988708174551e+02
2.368975423181721283e+02
1.767770121408480861e+02
1.934436744635158618e+02
2.615167826304889331e+02
2.082684991061793198e+02
2.727569482618758911e+02
2.787433138793863350e+02
1.937160724527180378e+02
2.058991845514015324e+02
2.280007037006925259e+02
2.111374483412485006e+02
1.963257180414073844e+02
1.864589133493040549e+02
1.973678543971539625e+02
1.954391323900137536e+02
2.737083815266399824e+02
1.997508878136598867e+02
2.017682654272697391e+02
2.002773483050315804e+02
2.014001977416246234e+02
1.781639081002493299e+02
1.967962893859578628e+02
1.700166270655554115e+02
2.162812246022950262e+02
1.961821675033473582e+02
2.091000805848700566e+02
2.247006395636812783e+02
1.902541182539123099e+02
1.946047225372160483e+02
1.984763763526927960e+02
1.939615932639034384e+02
2.028830257841140110e+02
2.257079257849811142e+02
1.869683937118127517e+02
2.229709828574215749e+02
2.241199776771351253e+02
1.959744038249864957e+02
1.844651081523095968e+02
1.939065467000378362e+02
1.923822997781856259e+02
2.341680937068405797e+02
1.951047017454747845e+02
1.885772842439025965e+02
1.982133489159645592e+02
2.049632272746825379e+02
1.941556517993736577e+02
1.778802044134558855e+02
2.279182420776061520e+02
2.385953137221011104e+02
2.231027550013774317e+02
2.056785969954800350e+02
1.749985728802621168e+02
2.385932558330094082e+02
2.146115247981927325e+02
2.067393571772251164e+02
1.687970993507610444e+02
1.868322542825951018e+02
1.473346069188981744e+02
2.031941797396551124e+02
1.920858476590164514e+02
2.547968466543902650e+02
2.057233917165200978e+02
2.755156752245563325e+02
1.867083431487677103e+02
2.630013324142792044e+02
2.224041947542125399e+02
2.324208232763093918e+02
2.103060126401630612e+02
2.003984831068295875e+02
1.989444941268012030e+02
2.244443490717649752e+02
2.060064775297292954e+02
1.973883883738040481e+02
1.937250124608019917e+02
1.892376636001829695e+02
1.847896841140837978e+02
2.334762175157979982e+02
2.254118833843212428e+02
2.187746561481332606e+02
2.202178111079197436e+02
2.135204527939193895e+02
1.750318416284976024e+02
1.702714426425949910e+02
1.955209749478415517e+02
2.013751659990400924e+02
1.938738523270236556e+02
1.953422134132980830e+02
1.522414179547064066e+02
2.533355366695811313e+02
2.332246634956331945e+02
2.177731420322803899e+02
1.991068597948643344e+02
2.075810090914945931e+02
1.946528664597975080e+02
2.603482741459083627e+02
1.891154519670253933e+02
2.244312291859897925e+02
1.979670005150837540e+02
1.930683417957775418e+02
2.131969554866292924e+02
1.938699850205492510e+02
2.031527339127732432e+02
1.828883556168556765e+02
1.889437334405341460e+02
2.066343468626488402e+02
1.914296754584004532e+02
1.811545645624399015e+02
2.245370687766395008e+02
2.088964158509562878e+02
1.976709332011495803e+02
2.035544911608644725e+02
2.252836479033797161e+02
2.494700042196672882e+02
1.938001919054017037e+02
2.087576563791610056e+02
1.764506615579160496e+02
1.982858306560829078e+02
2.085460151578252237e+02
2.112738779794676134e+02
2.060373161476923656e+02
1.997790156631847367e+02
1.996838445713525800e+02
1.941131135033306236e+02
1.865366864220503658e+02
1.908260761295837256e+02
1.725982354085489305e+02
1.897819436497329946e+02
2.012687399481369823e+02
2.042316596708925829e+02
1.951485539217319172e+02
1.703549824431379989e+02
2.094726655811011824e+02
2.087156871155697502e+02
2.081107288320675934e+02
2.205295048279033381e+02
2.099891650465327189e+02
1.873480606295069038e+02
2.055317149058140558e+02
1.921725138955500256e+02
2.035878609323445119e+02
1.881036238870453019e+02
2.245438207367303391e+02
2.144380227099084379e+02
1.828254619980074835e+02
2.687214020562705059e+02
1.650784278651412649e+02
2.191569915948815037e+02
2.131023517587880463e+02
1.888138119342129357e+02
2.278838245518809913e+02
2.256165704509123771e+02
2.074784704568048141e+02
1.911848166252652277e+02
2.739469058810471438e+02
1.893590870545679081e+02
2.640741418481769642e+02
2.295452455606791773e+02
1.999636609697820120e+02
2.126705848855455656e+02
1.796480314356900863e+02
1.840276659192916213e+02
2.608601585567819825e+02
2.059845142054775238e+02
1.985240970261668281e+02
1.974671758934444483e+02
1.979734665316602502e+02
1.888279200107155305e+02
1.608673944016547637e+02
2.166871482389587413e+02
2.281042982911224613e+02
2.094123858133245903e+02
1.754339115530440836e+02
1.454196414793925953e+02
2.525648887468153418e+02
1.890545530261094882e+02
1.929896000151379667e+02
2.107911556989100461e+02
2.821319143305348689e+02
2.425291935290553056e+02
1.848716337903202600e+02
2.132342069095798820e+02
2.427444786063158517e+02
2.184256785489611161e+02
1.848665116825082180e+02
1.947901023035218202e+02
1.936637316188214584e+02
2.004862829091850642e+02
1.926312016700879610e+02
1.869882975886906138e+02
2.118261936735721918e+02
2.531868235151922875e+02
2.259319861391736026e+02
2.579839288312977033e+02
2.113837272725685636e+02
2.766840964456394545e+02
1.618803375082797515e+02
1.942337221600249961e+02
1.848422811768775773e+02
2.988115818082638384e+02
2.254375036598747784e+02
1.858866842249484819e+02
2.011606220224016397e+02
1.824443223120000823e+02
2.442145219971388883e+02
1.994625393202414330e+02
2.152596126393273721e+02
1.868008229693628266e+02
2.024552106397607361e+02
2.228647509099899651e+02
1.879012925590698444e+02
2.143979643976050227e+02
1.969906198748000463e+02
1.933120398389770003e+02
2.117775874422046343e+02
2.277046457533345176e+02
1.958411864632754487e+02
1.758818493599954138e+02
1.826981199258915183e+02
1.930783196552505387e+02
2.006173371004683759e+02
1.985530064180902627e+02
1.960540591238765842e+02
1.930633526742598463e+02
2.208013331626893034e+02
2.137526640741062920e+02
2.277538890942057321e+02
2.146875687820043481e+02
2.047135392894156212e+02
2.011036740392135869e+02
2.795232246555371489e+02
1.838108609016572359e+02
1.902945593039817993e+02
1.922484276379913410e+02
1.915462040809541406e+02
1.798577578626701836e+02
1.825788400878993798e+02
1.598133117070952665e+02
2.337741777815077171e+02
1.938274990489901768e+02
2.109310393072909164e+02
2.048117296103843898e+02
1.997908125455935249e+02
2.065036143795938699e+02
1.958338141274795419e+02
1.929074159137043978e+02
1.910296730601356217e+02
1.950080642623974825e+02
2.053105898852770395e+02
1.897436209435295211e+02
1.975559810655686590e+02
1.864903279182661322e+02
1.910021828364183420e+02
2.090649030012326648e+02
2.088261029856974744e+02
1.934998663560277237e+02
2.004395522377025713e+02
1.617060680911861823e+02
2.239023081813411977e+02
1.950772559359679690e+02
2.169367754800105388e+02
1.903542647104143555e+02
2.133653960444455038e+02
2.188376297701879594e+02
2.229043937532632071e+02
1.916662652122809050e+02
2.058445441080614557e+02
1.923601248465802200e+02
2.384705873536190097e+02
2.434778927204685885e+02
2.807745144665543080e+02
2.128725767278246508e+02
1.844225372080871352e+02
1.716416557850926949e+02
2.064024016467970455e+02
1.874553680357140308e+02
2.309112216856921975e+02
1.751644074309886037e+02
2.063440746817304614e+02
2.622488606234674648e+02
1.922880918447160639e+02
2.229474468802771980e+02
1.951754738012454595e+02
1.620363555539976801e+02
1.880637461863465489e+02
2.039635886091166697e+02
2.138584037401288640e+02
2.235441778493804179e+02
2.949083280831820275e+02
1.927476108762392641e+02
1.907478456444964081e+02
1.515833409438369586e+02
2.158180305882980292e+02
1.881070835142830902e+02
2.266695228138043490e+02
1.797787011872109133e+02
1.827613989783613988e+02
2.403634001284127635e+02
1.770313374561315243e+02
1.954365791990327068e+02
1.728198421133791953e+02
2.270459405937535280e+02
2.003967719918215096e+02
2.369410789422513801e+02
2.101896246294980131e+02
1.613528974187936171e+02
2.053890941849292346e+02
2.048406808867710538e+02
2.003939581567625225e+02
1.943945794414527768e+02
1.951475698241816872e+02
1.893599608996033510e+02
2.079471740186203590e+02
2.428910756038726788e+02
2.142351049520409845e+02
2.211914655512102286e+02
1.904568345395591962e+02
2.106164545816538407e+02
1.864975311138674385e+02
2.520062164489029328e+02
2.024021475764822355e+02
1.764357140363949270e+02
2.042811389556361235e+02
2.287616138016027776e+02
2.291119477135059697e+02
2.209996464811983117e+02
2.239214552850902464e+02
2.110696283270243612e+02
2.205388770862872150e+02
2.258675396252907319e+02
2.821680923227416429e+02
1.937849476260842891e+02
2.088839220519734283e+02
2.260408619713898020e+02
2.421842154802688754e+02
1.971763688144928608e+02
1.949094494146916645e+02
2.525685416501761438e+02
2.015677632792916256e+02
2.003519743947098561e+02
2.274854077712064111e+02
2.076009483129313082e+02
2.352242430527980730e+02
2.355712168503365831e+02
1.886664531058040382e+02
2.590226126808316849e+02
1.943325508118890355e+02
2.063761135925793155e+02
2.036596126151942201e+02
1.831100447258938857e+02
1.960032404573266263e+02
2.097082044003598185e+02
1.967304150565545342e+02
1.746583027116187452e+02
2.117864389269285539e+02
2.344267685872113418e+02
2.225030363120541210e+02
1.951783477704313441e+02
1.925276057806355254e+02
1.807342343037018964e+02
1.991158528806400057e+02
1.904665457617449817e+02
2.055530223731458648e+02
1.990208789132828997e+02
2.144901924216683256e+02
2.113980555089177358e+02
2.132036303643086796e+02
2.071192192280477968e+02
2.055685254601609699e+02
1.957646779142277182e+02
1.932474488263939065e+02
2.284309908469743675e+02
2.269206756690406905e+02
2.158538251204672349e+02
1.950103559514486165e+02
2.491780471176788012e+02
2.004582701938341813e+02
2.111517973577567773e+02
2.087275691662303814e+02
2.067597119395245500e+02
1.859443289905524068e+02
2.331864711051057100e+02
2.297494178853256699e+02
2.216059078372721558e+02
1.811927229973631768e+02
2.270802434431232939e+02
1.837088436452094129e+02
1.812265519502535085e+02
2.136419508491744637e+02
2.241002657033569960e+02
1.906807061421417870e+02
2.387997021461765144e+02
2.037921512372072925e+02
1.946125922418349603e+02
2.409110847217918376e+02
2.196486877044151242e+02
1.983108489126413474e+02
1.952641042373603000e+02
1.872775969127893916e+02
1.983100159822101887e+02
2.017683592558678072e+02
1.794320147291983574e+02
1.601492027823429112e+02
2.330204835970424142e+02
2.167718069107959309e+02
2.140471853641725488e+02
2.302629889460365575e+02
2.114166308940588976e+02
2.207686325838823507e+02
1.836333627230330592e+02
2.216004627099446509e+02
1.655931960444384003e+02
2.041012208512988195e+02
1.627740982243565213e+02
1.952002017032207561e+02
2.147768339958688273e+02
2.154157728674128123e+02
1.868479699479575231e+02
1.967531934168948737e+02
1.959419700174593970e+02
2.341112598652152315e+02
2.013834115387016368e+02
1.750307738715233938e+02
2.262964132528572634e+02
2.186577020104448650e+02
2.114429456014136406e+02
2.115657316044565164e+02
1.995841179403219314e+02
2.017452673910607359e+02
2.107635671383562794e+02
2.301392955819521546e+02
1.944930969414363631e+02
1.820036645426263817e+02
1.925548782737976126e+02
1.971379438922552083e+02
1.893943509155095910e+02
1.880756934136076666e+02
2.432452903002392191e+02
1.990517619566238068e+02
1.965944688576335579e+02
2.379018687020212610e+02
2.839426073918799602e+02
1.987020104126750653e+02
1.988192124626648081e+02
2.082930178490744026e+02
1.870577701587197055e+02
1.966504212516330199e+02
1.810781313054993689e+02
1.771756193033862985e+02
1.660941935345528293e+02
1.901574341808385782e+02
1.997676564934841394e+02
2.084196636642482474e+02
2.174702460550866476e+02
1.963131728063359844e+02
1.948439804048053077e+02
1.626763394527059745e+02
1.935947157162964913e+02
1.774708496574020273e+02
2.088279737738065194e+02
2.114776310656662019e+02
1.889917846996814035e+02
2.297647387716311869e+02
1.890769061390301431e+02
2.078074055109752862e+02
1.917453380664513816e+02
2.170505774092967215e+02
2.035656836146593491e+02
1.868090142736216990e+02
1.883073956907448121e+02
1.963938063971615975e+02
2.208400986149161156e+02
2.330596924832258594e+02
2.090775421334915336e+02
2.322715122496310585e+02
2.210933571616391475e+02
2.131860794343943155e+02
1.993354352731227550e+02
2.750511782496162141e+02
2.094984517801868265e+02
1.748931206012477162e+02
1.867443250840134397e+02
2.005895358633064802e+02
2.088856073046927406e+02
2.377840988703775054e+02
1.945545523899872364e+02
2.775538453792763676e+02
2.088461045251567327e+02
1.928948186492627315e+02
1.934350087369026028e+02
2.017269635679596433e+02
1.934503054417855026e+02
2.130956119997915152e+02
2.036407736137088591e+02
1.965010438608300376e+02
1.940440326925697434e+02
1.906047910508745247e+02
2.260288987570441748e+02
2.234463020307943282e+02
1.994292132849100199e+02
1.817069039154488053e+02
1.921691575983648193e+02
1.835936488544164149e+02
2.225254743460253053e+02
2.268088605322385547e+02
2.164290332164587198e+02
1.952686696712442824e+02
2.280480125011546306e+02
2.820029204354055992e+02
1.808428041113167524e+02
1.946778159781707700e+02
1.876967585087732857e+02
2.327834080525862817e+02
2.829281741364541745e+02
1.714556633568448660e+02
1.900942195324350337e+02
1.864650987630980978e+02
2.265860458178533179e+02
2.264431984304001162e+02
2.120216436296572624e+02
2.041755307080703687e+02
2.015915416435836676e+02
2.286291609754220246e+02
1.964387720309254348e+02
1.925677531186359772e+02
2.256360181983505129e+02
1.906672376689014357e+02
2.790158724901996266e+02
1.997898356432228013e+02
2.698081192821964009e+02
2.144021643118580585e+02
2.043853461781686462e+02
1.994802379428080314e+02
2.184898799757091865e+02
1.907982812954332985e+02
2.029354979630885794e+02
2.471999662309160897e+02
2.359383280137329564e+02
1.946530174025807298e+02
1.691191200432622566e+02
1.973237264260221195e+02
2.370810090865026325e+02
1.671709526949630629e+02
2.435637193088760455e+02
2.028212938128866938e+02
1.887154856566443755e+02
2.004928614617451217e+02
1.566341051465471139e+02
2.078635524070689371e+02
2.099822513145700498e+02
1.982655975375290609e+02
2.295236957558633435e+02
2.057878345462270033e+02
2.236390594673238752e+02
1.928284994239269849e+02
1.866733033934198431e+02
1.689186762734797753e+02
1.834195845141901771e+02
2.310136113357365275e+02
1.960247224126505046e+02
2.100933418444243728e+02
2.249957128060809168e+02
1.792726050712803101e+02
3.117792074104580706e+02
1.947703314724714119e+02
2.243984759968471678e+02
1.911827727273747257e+02
1.876511639688118009e+02
1.729959366365157791e+02
1.971109337485623314e+02
1.839348329801641455e+02
2.091571673345706870e+02
2.027696748761826768e+02
1.955589615187100208e+02
2.708434717477992990e+02
2.250592214792370100e+02
2.013006122074890243e+02
1.924012000626179884e+02
2.084630465451147359e+02
1.839450139386300407e+02
1.944344669888220949e+02
2.948874347838503809e+02
1.951211470159196040e+02
1.958454994240485689e+02
1.842475872133625217e+02
1.908310397918639580e+02
2.392684417430903920e+02
1.777546854961691736e+02
2.003462280944304155e+02
2.221037422645617312e+02
2.374408865159533946e+02
1.936051474050239847e+02
1.879815364596936149e+02
1.902874872313310561e+02
2.080857680112262358e+02
1.996389935679085283e+02
2.042338874396967867e+02
2.148183995318885309e+02
2.092962246296733611e+02
2.016635034999066534e+02
1.858004534088866251e+02
1.966258739320455788e+02
1.978911238387384230e+02
2.071384120142351151e+02
1.881677110086301639e+02
2.030476669585845571e+02
2.027662181748930550e+02
1.966067183658272768e+02
1.945081725820294878e+02
1.892337734087921888e+02
2.000183715792728378e+02
2.003644017857442634e+02
2.195398117188985054e+02
2.048446695183050679e+02
2.033962599575655190e+02
2.243447298465158326e+02
2.104802592700210653e+02
2.014849450425526243e+02
2.258137542566031186e+02
1.886226111111600119e+02
2.782492527593786349e+02
2.646630663631578386e+02
2.007236657058889762e+02
1.953410698183026000e+02
1.855599059922416529e+02
2.790113112913664963e+02
1.891122758576826186e+02
2.209685672112363193e+02
1.910599382733769289e+02
1.950429972654611390e+02
2.100288648146585047e+02
1.941860563130405239e+02
2.105446440185061192e+02
2.332977861751724902e+02
2.315457040236779847e+02
1.816057867169230065e+02
2.309503652138348286e+02
1.870110729862253436e+02
1.838370574652365406e+02
2.452963732437918623e+02
2.184023730902126488e+02
1.921791135797016921e+02
2.082397713960042722e+02
2.307881100934827145e+02
1.887511051068223367e+02
2.175488762951838169e+02
1.908651295470181992e+02
1.826299799213897188e+02
1.919537865593420634e+02
1.904325697917461468e+02
1.936674044539144290e+02
3.236270977225516958e+02
2.122692906849325425e+02
2.129699951519757803e+02
1.951560112186581364e+02
2.158114200989942617e+02
2.071903883126805681e+02
2.019485212614802947e+02
2.096427390617211302e+02
1.943418502109022654e+02
2.235481050496688908e+02
2.188450919919075375e+02
2.057480424524558202e+02
2.043454153170857523e+02
1.994920795167737424e+02
2.415776708870074287e+02
2.458839171932210093e+02
1.867307631384553588e+02
2.737091814831794068e+02
2.295269217405360394e+02
1.673866706482538689e+02
1.871443798547721542e+02
1.937388212707756452e+02
2.181431516143608462e+02
2.506821291121105162e+02
1.868008052685560187e+02
1.903965922338792325e+02
1.886441733279456798e+02
2.252974044816076287e+02
2.239104458317140427e+02
1.924350740507207433e+02
2.394107161289545331e+02
1.956649463492704513e+02
2.133277553371691795e+02
2.056275059659809017e+02
1.898848467267555691e+02
2.070981209579979918e+02
1.831622384970450241e+02
1.945133840574068245e+02
1.930366828926699725e+02
2.014353557285392355e+02
1.957543240428037166e+02
2.708755712167194929e+02
2.282008484391479044e+02
2.219532346593326508e+02
1.856037847568320274e+02
1.950620148270341474e+02
2.129302121461710158e+02
2.171132325964555605e+02
2.117200569218201451e+02
2.096548673491511749e+02
2.073958684970397996e+02
1.807281444518777391e+02
2.008757704762477942e+02
2.189768644119945407e+02
2.087592422950003481e+02
2.098792691029010200e+02
2.091303617295188531e+02
1.858076451618852616e+02
2.692678635920632928e+02
1.973500622437950085e+02
1.990410626504340428e+02
1.909257811788788501e+02
2.232019982282546096e+02
2.119232150495880944e+02
1.965679903293881239e+02
2.366487259745911444e+02
2.121767908641009228e+02
2.223133857253990300e+02
2.238239651482892327e+02
2.362263337698401813e+02
2.229782759695653738e+02
2.433934589524381238e+02
1.923217045222108652e+02
2.481640323921742777e+02
1.738444112745636971e+02
2.263267453742959674e+02
2.235345594715974471e+02
1.901449974953994229e+02
1.705617932058784163e+02
1.827590481298508109e+02
1.903022763798801407e+02
2.064755305258515534e+02
2.037094776318414517e+02
1.907106763419697870e+02
2.367721991735724885e+02
2.572903273618275080e+02
1.834414698240460382e+02
2.006916897108779949e+02
1.877514256128170587e+02
2.238427835948342022e+02
1.574544561914845531e+02
2.113700210441514002e+02
1.938314516540756074e+02
2.021574938849095133e+02
2.004689626219266643e+02
2.050232025908321702e+02
1.931882330388758078e+02
1.959029808417798222e+02
2.097155143724619109e+02
2.255040353590462132e+02
2.245263118135898708e+02
2.309474685352315646e+02
2.027301556910018689e+02
2.518552614597416266e+02
1.971848235770824829e+02
1.807752012925289478e+02
1.840455640472751782e+02
1.709721502055528504e+02
2.685320113337978114e+02
1.962197232659400186e+02
2.048007238137218735e+02
2.154957751673352959e+02
2.009915818399481395e+02
1.878712539562527581e+02
2.225953439047407016e+02
2.155137690505150658e+02
2.183101920947629253e+02
1.587775394171735854e+02
2.440617758681254941e+02
2.304084473480997701e+02
2.243731868890071723e+02
1.976822269627066362e+02
2.188674820770241922e+02
1.966012643907923518e+02
2.365312087189255408e+02
1.986873423692527751e+02
1.869029950724800813e+02
1.539835485544396647e+02
2.008107754651370556e+02
1.956366859549974322e+02
1.865014194948458055e+02
1.966870187889405486e+02
1.935130865575478651e+02
2.108634809293857018e+02
2.017898631423849451e+02
2.255994391789058966e+02
2.107894771662400899e+02
2.215268280138554076e+02
2.589106581278310273e+02
2.160359018802495825e+02
2.012102289003483691e+02
1.734753285624244938e+02
1.930338371231914323e+02
1.781135665470041261e+02
2.310958793866349197e+02
1.939855819117392173e+02
2.503131816245705465e+02
1.807291347700530935e+02
1.936916481246143746e+02
2.091200324029667001e+02
2.225025934529536187e+02
2.428254430835569622e+02
2.227486884305463377e+02
2.835809253304476556e+02
1.730143432922770614e+02
2.417750220002199626e+02
2.250299442592277330e+02
1.884913127788061900e+02
2.173736544614313289e+02
2.028080963956400637e+02
2.963927594790869762e+02
2.023390978703491783e+02
2.392285532612194174e+02
2.734244920387907882e+02
1.988646058784061950e+02
2.097088037133874252e+02
1.993569725761790039e+02
1.931384886711005606e+02
2.334791746592806589e+02
2.040707371211133250e+02
2.210599690563805098e+02
1.996280794205610221e+02
2.497498445227860771e+02
2.119716216677538512e+02
1.927110864755631781e+02
1.995962825864497745e+02
2.469871558801649201e+02
1.837543686097392026e+02
1.942152619640650641e+02
2.133521372777184979e+02
1.809854509367036997e+02
2.077905546911516694e+02
1.709746852435093558e+02
2.114058932490570726e+02
2.182555853429419983e+02
2.347196257976798393e+02
2.139885252623115832e+02
2.739424750025741560e+02
2.035748380548969578e+02
2.092088090811380710e+02
1.855961525040974323e+02
2.101360113273486547e+02
1.894675086979500804e+02
2.131035920644154373e+02
2.125407792248395253e+02
1.863499553415394132e+02
2.436217163663864085e+02
2.147582424455146111e+02
1.621054626984024480e+02
2.325412316822043124e+02
1.989472278939073249e+02
2.052430289813508466e+02
1.944512910673140595e+02
2.118560785689654722e+02
1.953565434383656054e+02
2.108806589834932197e+02
1.664140357577879286e+02
2.050437448499712616e+02
1.880889789030898669e+02
1.851682925389917216e+02
2.176270556566689720e+02
2.439220869027238052e+02
2.178600941875890555e+02
2.852434882779621148e+02
2.010609813560515136e+02
1.950003981922134528e+02
2.015661143095457817e+02
2.076734890935882731e+02
2.225343433965273334e+02
2.148744397097684100e+02
2.422225774489777450e+02
2.156318788300343385e+02
2.104635048151451429e+02
1.879505760987798908e+02
2.018620847112548233e+02
1.749171626534647714e+02
1.872143196141320516e+02
2.053766280203166730e+02
2.176289302541918005e+02
1.932685562998852618e+02
1.893235948916425855e+02
2.099431404142338522e+02
2.397817140492384453e+02
1.931851071519060383e+02
2.130143547119325831e+02
2.276884298257076580e+02
1.818531230357661741e+02
1.947719912339995574e+02
2.073444883518467918e+02
2.334036177665417995e+02
2.174859268122656317e+02
2.144154700034192160e+02
2.072440311852052162e+02
1.941394451377603900e+02
2.800290650435400153e+02
2.063151457631703920e+02
1.986623384734119213e+02
1.698390007027234390e+02
2.320382677233915274e+02
2.981751931711084467e+02
2.273367708406276790e+02
2.656079843613718481e+02
2.014916206303345518e+02
2.152569903212157385e+02
2.118507189913282787e+02
1.672561999217946322e+02
1.950143307416277878e+02
1.851993347970873458e+02
1.917090998453230384e+02
1.961450465514486154e+02
2.951000038810010437e+02
2.004472295105798594e+02
1.860851549299468388e+02
2.002999315116207413e+02
2.080669312868720056e+02
2.580743100861094490e+02
1.917124954945496142e+02
2.451535673536372428e+02
2.038345806598891556e+02
2.159546614822129982e+02
1.808097534732796987e+02
1.821862762100438715e+02
2.596590699295443869e+02
1.994656357672508307e+02
1.940535708837441859e+02
1.815778371958386117e+02
2.108853435251047017e+02
2.142477635226465509e+02
1.850191834823803561e+02
1.971260689167203850e+02
1.806089434612718776e+02
2.335794752896630371e+02
1.967765720675465104e+02
2.110469658776373763e+02
2.182528510587997062e+02
1.569582000945408140e+02
1.830214329081571805e+02
1.944508829676243522e+02
2.115204091900698131e+02
2.166783359678474596e+02
2.042830522043633721e+02
2.177898935748638110e+02
1.913816135393456932e+02
1.902395079896768664e+02
2.031062453382846513e+02
1.923512192501920879e+02
2.126454493474978733e+02
2.228964322888987795e+02
1.887675966597808213e+02
2.141175962172896448e+02
2.869276017639617180e+02
1.916703081461986358e+02
1.945911216880199959e+02
2.068866179479934431e+02
2.063531178916681199e+02
2.233995248070774835e+02
1.934794161353108848e+02
2.172507524707023947e+02
1.897138776053427591e+02
1.980556484176285323e+02
2.132028486139898291e+02
2.068380975943112787e+02
2.729541895900622421e+02
1.762928484526854618e+02
2.274751294532786119e+02
1.880969599063677720e+02
1.752453917304700610e+02
1.822328200692149380e+02
2.258969998716445389e+02
1.733167678609540872e+02
1.902889806937391199e+02
1.946882898024047961e+02
2.215008813094724474e+02
2.150081424601162325e+02
1.938039758970423918e+02
1.930085088824616832e+02
1.914887509241666521e+02
2.026543932032343207e+02
1.923125935621941949e+02
1.935583675419757412e+02
2.048276751957273234e+02
2.072077957828825276e+02
2.007328641092429962e+02
1.870983912320782849e+02
1.875306200010891473e+02
2.198026223276683595e+02
1.968237385643351161e+02
1.934128075808877156e+02
2.130092984180511735e+02
1.655830483128924300e+02
1.818780403453888255e+02
2.207569465468442047e+02
2.237167091100474750e+02
2.255614072773317389e+02
2.071843512641879954e+02
1.547585280473285536e+02
1.912741377783951293e+02
2.228625457875344296e+02
1.957315169486362549e+02
2.185983327730356507e+02
2.038655765015259931e+02
2.191571772845413193e+02
1.953252936777586228e+02
1.966852042917454639e+02
1.958362826732374913e+02
1.943740973074501710e+02
1.983291511655657473e+02
1.689948192843100969e+02
1.968235774431041136e+02
2.002503301017989656e+02
2.775209295223405093e+02
1.863973376788702865e+02
1.974496671634984750e+02
1.772486538698955769e+02
2.248438301284681984e+02
1.945572625711165244e+02
1.887050715066398254e+02
1.614051947322941203e+02
1.687121452857805082e+02
1.953787337134614290e+02
2.094329465109117052e+02
1.936985637495375840e+02
1.846766368351888445e+02
2.245161037474131831e+02
2.005919090494366515e+02
1.967598589458527272e+02
2.730589005366242077e+02
2.356011831863221744e+02
1.926332016380159189e+02
1.997234973199923900e+02
2.104609966867867854e+02
1.961569188053618689e+02
2.277359213742998065e+02
1.935345591229999229e+02
1.937464481330630690e+02
1.991433207447418283e+02
2.140392997258044261e+02
2.121857314670552057e+02
1.829034091993318327e+02
2.432681947323010263e+02
2.260237580433797575e+02
1.838909084365345734e+02
2.086169872819704949e+02
2.535280382353074629e+02
1.867424595622714492e+02
2.486954347742523055e+02
1.772969385758292447e+02
1.994795373449989313e+02
1.970431295882808627e+02
2.072249166927167892e+02
1.501025254375403790e+02
2.456973796120166753e+02
1.930819553788210499e+02
2.309691584105149502e+02
1.997842990289851457e+02
1.969840815590692102e+02
2.166484950480477778e+02
1.966130566750090907e+02
2.538379667958629398e+02
2.248902424120608430e+02
2.063604480330751585e+02
2.363213091588277734e+02
1.969852589290278786e+02
1.891453561016684546e+02
1.966837038714353412e+02
1.850947128837597404e+02
2.567040244122064223e+02
2.166366165352227426e+02
2.105711585550083385e+02
1.878817498608239873e+02
1.858967191669880208e+02
1.854898171010742374e+02
3.384519844834025548e+02
2.000193164482100769e+02
2.252333537482099075e+02
2.351036468351416033e+02
1.975093777587443640e+02
2.003186304149266448e+02
1.757820227945866236e+02
1.917228534327055058e+02
2.259962840337460364e+02
2.057878053000829368e+02
2.119239209352035402e+02
1.808915360212930921e+02
1.925351178384799198e+02
1.967369159320241465e+02
2.164642650120518397e+02
2.495614435857346223e+02
2.378893304892045535e+02
2.015452316167912556e+02
2.140811399732189386e+02
2.034764477011072756e+02
2.318381281267735972e+02
1.963918188826233688e+02
3.275478621719960870e+02
1.692088389858905373e+02
2.208404248955289688e+02
2.024066795359248374e+02
2.387928833038539551e+02
2.168030962198603788e+02
2.047542247423794777e+02
1.981416389467484009e+02
2.049727819261345303e+02
1.919536716442028705e+02
2.109354179884966811e+02
1.929662706203244227e+02
2.139345769996599529e+02
2.671466368444732780e+02
1.694929730090685212e+02
1.575680615332328500e+02
2.045365574709274483e+02
2.831645804919345437e+02
1.861106804678671267e+02
1.854586959640881503e+02
2.103686589850961184e+02
1.845376958412564363e+02
2.363880458645912199e+02
2.185305285410658769e+02
2.023132813466255868e+02
2.103656495058349094e+02
2.504786287196575074e+02
1.786130820002886992e+02
2.162850173886970424e+02
1.890841351617808073e+02
2.559377093851474285e+02
1.790478336737282632e+02
1.965761609897315054e+02
2.244369853111860493e+02
2.461847226819126035e+02
1.703795809387921167e+02
2.191196280169955344e+02
2.563847185269182773e+02
1.981017566382772657e+02
2.335645615286375971e+02
1.914572764035812611e+02
2.354602601323213946e+02
2.277064012277557765e+02
1.736503021586985938e+02
2.350498437821497362e+02
2.959502477680470065e+02
2.304767358797546990e+02
2.291082758217122830e+02
1.825462834586710699e+02
2.007102476118238030e+02
1.958367196853637040e+02
1.854487644808856430e+02
1.896833531151419265e+02
1.937818370716528591e+02
1.923066679477056198e+02
1.871336889825047365e+02
1.862322231386223450e+02
2.181028862272277138e+02
2.299715108461144268e+02
2.680767044919159616e+02
2.182241977483566586e+02
1.969946135414807884e+02
2.201931937692048962e+02
2.506135349398915935e+02
2.102404771323322450e+02
2.252197931305082932e+02
2.124879853147820370e+02
1.930859309228277425e+02
2.151223382192174256e+02
1.960380211867625917e+02
1.911185145496885696e+02
2.001174745416795986e+02
2.030757269234845808e+02
1.834719074827940233e+02
2.075228973538468722e+02
2.225444812739227984e+02
2.032687043907224052e+02
2.056445752510016973e+02
1.993917361917677056e+02
1.832145790639037273e+02
1.794140225191467835e+02
1.953862454077774942e+02
1.897678389624622071e+02
1.776803404163749178e+02
2.107373235318706577e+02
1.752171286671227506e+02
1.932604326308899090e+02
1.887012912274913390e+02
2.007300729773080263e+02
2.118671765779696159e+02
2.042837072928032285e+02
1.905071063191751364e+02
2.190949622526602241e+02
1.915707300440891743e+02
2.061843803448568906e+02
2.188513452167958917e+02
2.335290356695796561e+02
2.029448879458956014e+02
1.985301743997416679e+02
2.267229202368565382e+02
1.795187731207637398e+02
1.737136336090281077e+02
2.217324374083015357e+02
1.780926980905655341e+02
2.048217492566381281e+02
1.942440048253970986e+02
2.496766567992672492e+02
2.106585285424725384e+02
2.020702649184645168e+02
2.170556237134663888e+02
1.962814097824757482e+02
1.982879041685851860e+02
2.236023957125494235e+02
2.233497955973177795e+02
1.891821926642989808e+02
1.871148530516470316e+02
1.996343439093069492e+02
3.039979074151136729e+02
2.099926000826346524e+02
1.976903032485620315e+02
2.059641646913658235e+02
2.162237545577598610e+02
2.870400629384647004e+02
2.304276417158774564e+02
1.669114884876673841e+02
1.938205126705632608e+02
2.107559731296298082e+02
1.891101385648038331e+02
1.851272751462466601e+02
2.088758111101425357e+02
1.935961130878497443e+02
2.124831739552019769e+02
2.214382016392126218e+02
2.272257362029747014e+02
2.112554940697730217e+02
2.324170206527801668e+02
2.627889296055863042e+02
2.272671833714788079e+02
1.883639059358156373e+02
2.064437035306103212e+02
2.195572897925366362e+02
2.207886125874890979e+02
1.964684811742603188e+02
2.224045097809729157e+02
2.003989217692110572e+02
1.890220333468607521e+02
1.964383358526093843e+02
2.383499387119944686e+02
1.885040263664636484e+02
1.908706804377404467e+02
2.072813821959630047e+02
1.991935954711336763e+02
2.530558831625816083e+02
2.089272690735195681e+02
2.180250490840026600e+02
1.918171052982440017e+02
2.203003841347029663e+02
1.562782382288502276e+02
1.862615441161209446e+02
2.099945236727700149e+02
2.233358659880852883e+02
1.907763582576342003e+02
2.023110043447950943e+02
1.912309713264389188e+02
1.942519508746428585e+02
3.173939078120676527e+02
1.888651096979318140e+02
2.105382956987551779e+02
2.239884347979883046e+02
1.936879259481561348e+02
2.009394570493449521e+02
2.098622507791524470e+02
2.146726022779140521e+02
1.835229713274629262e+02
2.249575946974946135e+02
2.171800966468454135e+02
2.160539656560055164e+02
2.191291608677597651e+02
2.106817272657016531e+02
2.163722607588111941e+02
2.489857722168055147e+02
2.266793657607484533e+02
1.818305563143872519e+02
1.896763741339851492e+02
2.251493670966909519e+02
2.531676124681085298e+02
2.180076667313318524e+02
2.335854637518366417e+02
2.590196214337948390e+02
2.019847983948397996e+02
1.924209069930707869e+02
2.238961436406830785e+02
2.197652707090635715e+02
2.124205580519126499e+02
2.287858715890063479e+02
2.060715222333929262e+02
1.680142961462032929e+02
1.735253161268045687e+02
1.910810646644739847e+02
2.207939061198584341e+02
2.331122705295606465e+02
2.133215963536476636e+02
2.202373494847810491e+02
1.809765819433657725e+02
2.026958988100884369e+02
2.126571636626452744e+02
2.492649193906437404e+02
2.190943842200265124e+02
2.104624478663511979e+02
2.026828579060289997e+02
2.527124915968900893e+02
1.953382724404259250e+02
2.202486161136619955e+02
2.155151333508067637e+02
2.447052925101449432e+02
2.288997998601576853e+02
2.459892733442729309e+02
1.954900904292337316e+02
2.109986717144740282e+02
1.899023371642192615e+02
2.065838284029535714e+02
1.946123121915174465e+02
2.022706036111830201e+02
2.118041768929494424e+02
2.152790256626173857e+02
2.417148051246365696e+02
2.020825583695468310e+02
2.021362237883421358e+02
1.926680233186059183e+02
2.990364382555067664e+02
2.126940357335333260e+02
1.944283643153518994e+02
2.694396809425546735e+02
2.362212464278853759e+02
1.934999516809036493e+02
2.129743687896950064e+02
1.955378589822543347e+02
1.881708663682821907e+02
2.457048126029093851e+02
1.866999788243252851e+02
2.172656684654286607e+02
2.357873012981407328e+02
1.804629307000334677e+02
1.884337197309012879e+02
2.053435094622973338e+02
1.954563683987237823e+02
2.246012839558134715e+02
2.245650870308020899e+02
2.115026920904832934e+02
2.379017982498073707e+02
1.908609450807381904e+02
3.070074571228832383e+02
1.892443199813720014e+02
2.273342596032370864e+02
2.380941748955102071e+02
2.203611396805553682e+02
2.244162225289932735e+02
1.913286260846801383e+02
2.235801031337475990e+02
2.227535727826223422e+02
1.978647597631839403e+02
2.212056430536326275e+02
2.050629448198629348e+02
1.888626199713718563e+02
2.099173534520552664e+02
1.949666379869437094e+02
2.264209128683063454e+02
2.063296898179715697e+02
1.814307748247926781e+02
1.973941419444376209e+02
1.894725832072270464e+02
2.192718786719890431e+02
1.853215189791484079e+02
2.053969646366581117e+02
1.861731156798782081e+02
2.204972754822283605e+02
1.904407607132748694e+02
2.211178552816865590e+02
2.063274921771862864e+02
1.869824550495374353e+02
1.830919892854354316e+02
2.125342314921909974e+02
2.296002140935018758e+02
2.304705776818524043e+02
1.973809819289180609e+02
2.041807407174719060e+02
2.318541666137274433e+02
1.870196456582836220e+02
1.798810040928962053e+02
1.855364791764380072e+02
2.575672844672254200e+02
2.128482308046189075e+02
2.427748190631139380e+02
2.233212827816757624e+02
2.269037181044609781e+02
2.430804413524609515e+02
2.180273944593017461e+02
1.626515681277684848e+02
2.041324962836087309e+02
1.751589301305893969e+02
1.808498477593526559e+02
1.978390836898986151e+02
2.058213160454068316e+02
2.969855514242955223e+02
1.997711320826983297e+02
1.927491409584671089e+02
2.080803255732835453e+02
1.917951274581464816e+02
1.914030721290734789e+02
1.852523769921743906e+02
2.141946742632939333e+02
2.047129071502852469e+02
2.089653665141097463e+02
1.847080010383213562e+02
1.956740219310721045e+02
2.251732782764442788e+02
3.043432862207117751e+02
2.021729839030811888e+02
2.567780532060725704e+02
1.851798256482652505e+02
1.907278745551718941e+02
1.913920392018538621e+02
2.098033078697951623e+02
2.727736015590745637e+02
2.525099875088660610e+02
1.915109253429454270e+02
2.156366898561973926e+02
2.040734835781033496e+02
1.846892258361681911e+02
2.145324607294893724e+02
2.285121290095136999e+02
1.904197055038789017e+02
1.849789493001555627e+02
2.019813395681745192e+02
1.831822979214673239e+02
1.935039499477435641e+02
2.327184866879699996e+02
2.086845958496357127e+02
1.879552889576929715e+02
1.904630437047248961e+02
1.918816527111162316e+02
1.870752194715788903e+02
1.890221578219914988e+02
2.033036621239972135e+02
2.127127059099013309e+02
1.905248858602012376e+02
1.962487520933920280e+02
1.908701172469824314e+02
2.545229598640819120e+02
2.740909248641538625e+02
2.104134369181361421e+02
3.269723259228592269e+02
2.387039812956708715e+02
1.923877464253795040e+02
2.212468457974436831e+02
2.235784030967575120e+02
1.960602609009674495e+02
1.963224282144063011e+02
2.008762830927202003e+02
2.214426301476467529e+02
2.174114442936761407e+02
1.839274957272293705e+02
1.803528951377081739e+02
2.143595981396289574e+02
1.899711720705345783e+02
1.857924496262117486e+02
2.516876952451341936e+02
2.082862919391644994e+02
1.942981916362529944e+02
2.228288983127910683e+02
2.181977080838181280e+02
2.004701298258100621e+02
2.263862056612242952e+02
2.070570114125468706e+02
2.391761012003194082e+02
1.985166851361315992e+02
2.027633502730332111e+02
2.021999608593121138e+02
2.442204905586200994e+02
1.937305539627183180e+02
2.778078852419598093e+02
1.828793373015740542e+02
1.836698815114013712e+02
1.959685572476443838e+02
2.094279336523908626e+02
1.695934445457532718e+02
2.173473257736343385e+02
1.978809928196378678e+02
2.194641883468543995e+02
2.112853474962693383e+02
2.393167096617499965e+02
1.976321050273290041e+02
2.984851756676423520e+02
2.861478196726975511e+02
2.003785755615703295e+02
2.163857867053213795e+02
2.224751447800386757e+02
1.953371456008331961e+02
1.961181192024305346e+02
1.976008161055370067e+02
2.426560742595512465e+02
1.904036282883693332e+02
1.900166159542510513e+02
2.090218243141964649e+02
1.913567775354756861e+02
2.113858278371423012e+02
1.861293663671475542e+02
1.855837306197549026e+02
2.161458190182552812e+02
1.872234172639767849e+02
2.019170605476287790e+02
1.909920693376747920e+02
2.153385037122327219e+02
1.963061857229410236e+02
2.132158841762412180e+02
2.232614767558914934e+02
2.524123440203042605e+02
2.321907074550025243e+02
2.037920807080493262e+02
1.910666625165303572e+02
1.993226076617934552e+02
2.630519685956750209e+02
1.600133810560331256e+02
2.323245972511677735e+02
2.173370326523259735e+02
2.038522568216069146e+02
2.141125107318338507e+02
1.928353511464844701e+02
1.943003691605275378e+02
2.011718625346535418e+02
2.187514078846564018e+02
2.343398052073670215e+02
2.183506722338778729e+02
2.121358491507403983e+02
2.047322303563871344e+02
1.517205186244922004e+02
2.049637825572061161e+02
1.935975675367626820e+02
2.411021187158245596e+02
1.893728305503026377e+02
2.256626626667157325e+02
1.957892016601926173e+02
2.160318880226468536e+02
1.872501434059755354e+02
1.903148316741869053e+02
1.926698142407461489e+02
2.728049809672292554e+02
2.282746564870544148e+02
2.498209931673413848e+02
2.022524569742804772e+02
2.208853237475015590e+02
2.058877617043230259e+02
2.183820818956132257e+02
2.123409649416193190e+02
1.987275749297456571e+02
2.129200058483538953e+02
2.360446372934635235e+02
1.803120770433029350e+02
1.901822154370025260e+02
2.393696161445724613e+02
2.333669903843781412e+02
2.552721088337248716e+02
2.034833756031420080e+02
1.679107468363592375e+02
2.187273695116686838e+02
2.906145685536816927e+02
2.070451586223935010e+02
2.338143882274075338e+02
2.507047153385542231e+02
1.859043096287210517e+02
1.876873380129829059e+02
1.858635878000354467e+02
2.240293834716124479e+02
1.922367145907184636e+02
1.846348387523811141e+02
2.081548202695808243e+02
1.855612319716911429e+02
2.263640601016015808e+02
1.983844285766257656e+02
1.832227019534520593e+02
2.357064783140590976e+02
2.426955608050063518e+02
1.700729001724821785e+02
2.081157556994071456e+02
2.091274348688017142e+02
2.115354224663291234e+02
2.094838301479818199e+02
2.203316641377314227e+02
2.149756491368643196e+02
2.096764749105009571e+02
2.145048153861555420e+02
1.606381007719322440e+02
2.696509244765852031e+02
2.301092339815553771e+02
1.823373809554079799e+02
1.655002937052406082e+02
1.953792493324492625e+02
2.510343762099594187e+02
2.127057575630576594e+02
1.958805715558292491e+02
1.950678069710902491e+02
1.930540352094900811e+02
1.984778844460186349e+02
2.248281874866759438e+02
2.237732800187483235e+02
1.906547982252677684e+02
2.288001429448460442e+02
1.866611463092882559e+02
2.019903288979171521e+02
1.863842047887708588e+02
2.184681840966574100e+02
1.936592964045063638e+02
2.037590874361728766e+02
1.586531962408635081e+02
1.809772330148253445e+02
1.880811599347010770e+02
2.035637341863431686e+02
1.915402819459647787e+02
1.901857464634999531e+02
1.906368465478374503e+02
2.003755877647199100e+02
2.001618233012427197e+02
2.295085211891481549e+02
1.961539151453458203e+02
1.948237326208581806e+02
2.141574333168600219e+02
2.423296654652434370e+02
2.018188285654064487e+02
2.122255539827918369e+02
1.992284515885718292e+02
2.210548042728224800e+02
1.838131213413161049e+02
1.940544103058353187e+02
1.954703943392518397e+02
2.794769476686076359e+02
1.903399742180434089e+02
2.002184582546125000e+02
1.982080829855499928e+02
2.443559799701433519e+02
1.868903854938390623e+02
2.123286955939777556e+02
2.191085266065211670e+02
2.121056681447823848e+02
2.193160525693736815e+02
1.997342836853499364e+02
2.508022419365990743e+02
2.202476468699146892e+02
2.010387001973155918e+02
1.844944418140579216e+02
2.208209245944925385e+02
2.164519248802124878e+02
1.958850347449310334e+02
1.897681797915343225e+02
2.838675553015156083e+02
2.331092033487878439e+02
2.251669943794219080e+02
2.221689876582805994e+02
1.896219915562715812e+02
2.044708267606089578e+02
2.290758947595509767e+02
2.833254038064038127e+02
2.037417596490037681e+02
2.106753762902857829e+02
1.897383238884881678e+02
2.402101052687799267e+02
1.769851027428085501e+02
1.631667883211395633e+02
2.065840975063678400e+02
1.567128833600669964e+02
1.713274336466409693e+02
2.127128381980891731e+02
1.984035470018876595e+02
1.950322753463879053e+02
1.858904659767443093e+02
2.210681561361922718e+02
2.038156550852652913e+02
1.923449132193396167e+02
1.954439405813719475e+02
2.067171492966282358e+02
3.106819860282461150e+02
2.552236007642052869e+02
2.091199114055408756e+02
1.879303514347051589e+02
2.166866687904050082e+02
2.214356945433049475e+02
2.170312185318012155e+02
2.130268994177235129e+02
2.103278065530595029e+02
1.881742989540917108e+02
2.619738313125425861e+02
2.194471453193189063e+02
2.017105941578183206e+02
2.100729920078316866e+02
1.531152785869287527e+02
2.672593307868144166e+02
1.950404631568233924e+02
1.908876620343776267e+02
1.974956038985111206e+02
2.973499175458562149e+02
1.907366631220787099e+02
1.996331860658050061e+02
2.492708505208073291e+02
1.895903416361644531e+02
1.967651801001565275e+02
2.262439074964040060e+02
2.002575229378707888e+02
2.923367846184784185e+02
2.246782114348668244e+02
1.925751255560824973e+02
1.943818515600709134e+02
1.942742691061152129e+02
2.700231064374029302e+02
2.193221537269443502e+02
1.891592467629424448e+02
1.521552524272966593e+02
1.846027646546693006e+02
2.105381335805126071e+02
2.170688840179293493e+02
2.067590875880319174e+02
1.846787669231387099e+02
2.666421964654265935e+02
2.180083314514289725e+02
1.842167240494391933e+02
1.751268563462146233e+02
2.053448530001006702e+02
2.113366614819748577e+02
2.133431066094802020e+02
2.212255227899765941e+02
2.034952425360303039e+02
1.665829692324839755e+02
1.919916679158909005e+02
2.285661311042588011e+02
2.300444749719362960e+02
2.360037971253752289e+02
1.866944949430468625e+02
1.839629445771687131e+02
2.655051326354907246e+02
1.980472751894641306e+02
1.922082319751636987e+02
1.897024473128807642e+02
2.135921776797063671e+02
2.196877943062574445e+02
2.167293710987847248e+02
1.818698799818014891e+02
1.988303845406549613e+02
1.977273880397993082e+02
2.302329373263072796e+02
1.952901841270882528e+02
1.958291955321345768e+02
2.132634940255533991e+02
2.028998890494674754e+02
1.974856638295769073e+02
1.813848524719981015e+02
2.198527795739941553e+02
1.920224475992324642e+02
1.881196156413273002e+02
2.486323842702190063e+02
1.724751229272570754e+02
1.822751531373332341e+02
2.097097426619856435e+02
2.117558752246982010e+02
2.087618112252418996e+02
2.562609247774830692e+02
1.940715987114908785e+02
1.898554622313245943e+02
1.934736510969464973e+02
1.878934990917626919e+02
1.979310567466551163e+02
1.957353401537059483e+02
1.894317656352392305e+02
1.705142195402459890e+02
1.874214077358928137e+02
2.026945659790724790e+02
2.067851842623913683e+02
1.843232095076052133e+02
1.942658799873212274e+02
1.892121883146144228e+02
2.223900058722902031e+02
1.975125665170504021e+02
1.900568468921595695e+02
2.122581672616857418e+02
2.371730566763313561e+02
2.047009804309264211e+02
2.047837675395749670e+02
2.208532088169200165e+02
2.132604850951368007e+02
1.882275848567620073e+02
1.507668733155259133e+02
1.928546789993893640e+02
1.950117388261364511e+02
1.881561084501978200e+02
1.771588312760352437e+02
2.154849299558350140e+02
2.067449449937494990e+02
2.153480860634968792e+02
1.870449704187684858e+02
1.938260014626664827e+02
2.051305479345950005e+02
2.292561542926925711e+02
2.100448640964587810e+02
2.083819920271160697e+02
1.884374659674060410e+02
1.941371420552520988e+02
2.055324594011094348e+02
2.073575140765020706e+02
2.047869435768587607e+02
1.840209580527398430e+02
2.052744830131737785e+02
2.054206928000984078e+02
1.848453303708115527e+02
2.228131609576352332e+02
1.812302626735447006e+02
2.409637305749967879e+02
1.965267752106560977e+02
2.113967851985220818e+02
2.060275034539163528e+02
1.902610859170651167e+02
1.911208659165346830e+02
2.224499801961850665e+02
1.912186471540836123e+02
1.780868065091892731e+02
1.826686546533986757e+02
2.237521817314606096e+02
1.619788245974272343e+02
2.017628094942058397e+02
2.106149411657305279e+02
1.892680178062436482e+02
2.049424715220592645e+02
1.963265599786917903e+02
1.841899726938584934e+02
1.979788908774366405e+02
1.864480254856613612e+02
2.199239356768813707e+02
1.923234285095884388e+02
2.100778742034493689e+02
2.195285738815874481e+02
2.945885197551544934e+02
2.794740800826997429e+02
1.972149454123813257e+02
1.861982936866463092e+02
2.185307767850680989e+02
1.939961300117116139e+02
2.207160867981979209e+02
2.282269466436301002e+02
2.020298078808895923e+02
1.910643740084281603e+02
2.215207779544745961e+02
2.574922515909465233e+02
1.877823193308785790e+02
1.850254255382424162e+02
1.546832393431662922e+02
2.381438266647237185e+02
1.731618555249948486e+02
2.160757007425445124e+02
1.865690481413290343e+02
2.356582549056778078e+02
2.196492246552890606e+02
1.802574867054810568e+02
2.340869309499496183e+02
2.051199283230068886e+02
2.109477174826168948e+02
1.943990175401417275e+02
2.100583709090454931e+02
1.958158212617638014e+02
2.171915703451325612e+02
2.076697363231080260e+02
2.329503538230653987e+02
1.920954785195802970e+02
1.891009350757598497e+02
1.952313975353701494e+02
1.990394208129513061e+02
1.602290905873856559e+02
2.167687441415087051e+02
2.204268879092968234e+02
2.116306348235525832e+02
1.850262067698650412e+02
1.997532340151904577e+02
2.058260759380514742e+02
2.669934911615074498e+02
1.925017290505698497e+02
2.652803522520661659e+02
2.255590408091676409e+02
1.953404083479681788e+02
2.211193645351275165e+02
2.626331125171042231e+02
1.922630005482261311e+02
1.860093344931468948e+02
2.121800641503377847e+02
1.808326522652238282e+02
2.218344356799751154e+02
1.873498062674135269e+02
1.856217229961156363e+02
2.085462392876476088e+02
2.139136643018452730e+02
2.384891780450096519e+02
1.991336287687494462e+02
2.003468935499391250e+02
2.012652244626573861e+02
2.368582649673882372e+02
1.956813176367424774e+02
2.150415450427787221e+02
2.347543446013024777e+02
1.883184097620577404e+02
2.021958996149663790e+02
2.068307717815781075e+02
2.241097985223010767e+02
2.286003659148102543e+02
1.930631921798736812e+02
1.890811955830576778e+02
2.110717136023443459e+02
2.535680830223700752e+02
1.881203197541992722e+02
1.920255504613412256e+02
2.152829043402829541e+02
1.627232758436090307e+02
1.922968944403942260e+02
1.864788007654864259e+02
1.926929396446535918e+02
2.358283582566195662e+02
2.048211678045956035e+02
2.049427065913244803e+02
2.067258599600967273e+02
2.200564590496986455e+02
2.595801572820765841e+02
1.578768001060755068e+02
2.249346281389220792e+02
2.166603760872322368e+02
1.865539311843714927e+02
1.870929019955954402e+02
2.237875209971630284e+02
1.965455547491908419e+02
1.936618739364996884e+02
1.812677902416290294e+02
2.564277590629234851e+02
2.214680400237699871e+02
1.829147638735810233e+02
2.042545140230074310e+02
1.772290884482706304e+02
2.125174945397070019e+02
1.829706411408279507e+02
1.877289856102400165e+02
2.206150278969244596e+02
2.219900644500210660e+02
1.908830308809817495e+02
2.506688078258901555e+02
1.905132857560308253e+02
1.978935700186674183e+02
2.005108546253393911e+02
2.367865947532872042e+02
2.126708880842558358e+02
1.658646575994140449e+02
2.181581850515343035e+02
2.087180899477429534e+02
2.012265926179448172e+02
2.041012801588549621e+02
2.117321508913717878e+02
2.183843779928525919e+02
2.038213966473164191e+02
2.085900855443885007e+02
1.856772242849122563e+02
2.362838466273722702e+02
2.594923172843467114e+02
2.081280066046240904e+02
1.972670273972210282e+02
2.436821887990834057e+02
2.090064693992378295e+02
2.102923028464791173e+02
2.212468187939157929e+02
2.222740662603259523e+02
1.777049301577054905e+02
2.182958259023571941e+02
1.877613881069683259e+02
2.073814516742966134e+02
1.949851624200941558e+02
1.937422795754916649e+02
2.103235161559759661e+02
1.824901603313690543e+02
1.997957180335652083e+02
1.974551037617268037e+02
2.106784646561116574e+02
2.147464390507437031e+02
1.914106542801652893e+02
2.411967222410278282e+02
2.186488234638344181e+02
2.311180031647000703e+02
1.869381172792196821e+02
1.870595537332775962e+02
2.067097803142718533e+02
2.311830653430102416e+02
1.949485695753442371e+02
1.890535837149283225e+02
2.683232267162720746e+02
2.426563923562812874e+02
1.940125245092856687e+02
1.746262327982503280e+02
2.178308732423934657e+02
2.064944446380218039e+02
1.920134062176485088e+02
1.867510920391494551e+02
1.854793988128355409e+02
1.680094236343800276e+02
2.223177512010931594e+02
1.980782677855738427e+02
2.096337147202430913e+02
2.241416437877471139e+02
2.291183052467154084e+02
1.966794864824343279e+02
2.087047834987351109e+02
2.155827013540491066e+02
1.947578089987605949e+02
2.004627136978625686e+02
2.273063908769843806e+02
2.070549449426898150e+02
1.677285747080953229e+02
1.883578417839238455e+02
2.078867361557670677e+02
1.865185331469532741e+02
2.065356617098893253e+02
1.983734194921260894e+02
1.914863626191840353e+02
2.228633477899514332e+02
2.269880088884790723e+02
1.697485128054362633e+02
1.697066141047177439e+02
2.367447626044357492e+02
1.884139903535240990e+02
1.880461761076335847e+02
1.720180793441073774e+02
1.922714831117548044e+02
2.324070823806580677e+02
1.805134370479559323e+02
1.920217070640949260e+02
1.639236985646649600e+02
2.166675084786180321e+02
2.073204397691895906e+02
1.932470632793753680e+02
2.194348281323369747e+02
2.974228456298257584e+02
2.283400855179319535e+02
2.320065492018997872e+02
1.919545120663197793e+02
1.993117559853745320e+02
2.183453038284684453e+02
2.089817508159534327e+02
2.024243128757304930e+02
2.055392347013344079e+02
1.681090797619874593e+02
2.231753825398754998e+02
1.952494191228547322e+02
1.716552948878363907e+02
2.139477594727542566e+02
1.726507917139666972e+02
1.857588183847199161e+02
2.725138710674837625e+02
2.502371370555296721e+02
1.969074310598783200e+02
2.246951925169228446e+02
2.045405031733085082e+02
1.896238795520451106e+02
2.157429892483461060e+02
1.903734147427379355e+02
2.089714567046488014e+02
1.904171301356054187e+02
2.034263954718544767e+02
2.088462943245955046e+02
1.954688100993492412e+02
2.158122209748551086e+02
1.963373496957746625e+02
1.860903984504004711e+02
1.775416404541352904e+02
2.329992043149037215e+02
2.240017423618666044e+02
2.048345978345348328e+02
2.150135994085214577e+02
1.859680504771621656e+02
1.991472961539374182e+02
2.685231252150334740e+02
1.960093758713894658e+02
2.344190635872809878e+02
1.952202247986673171e+02
2.097449064213577117e+02
1.874379921477713253e+02
2.242786083192818580e+02
1.993354145926844012e+02
1.914384662914170860e+02
2.056462841663638699e+02
2.205589827192011398e+02
1.825667353772585386e+02
1.849578960836496435e+02
1.931134883824219060e+02
2.142474911342434609e+02
2.341086140054686950e+02
1.969757178424523261e+02
1.863684261806613733e+02
2.335077393053432502e+02
2.318195795431759336e+02
2.594724476082676006e+02
2.217339239608605794e+02
1.828012654811820710e+02
2.054658160051046707e+02
3.004796984314048132e+02
2.044470760088534860e+02
1.948521790625314623e+02
1.879511213615846543e+02
1.821526951810083403e+02
2.436643188931398072e+02
1.837503123796427360e+02
2.137990923832227566e+02
1.869408093932048587e+02
2.001895234152827356e+02
2.048850107290069786e+02
2.151938512126315857e+02
2.049821998557760594e+02
2.227022253580694837e+02
1.817734885029624934e+02
2.007779963099685858e+02
2.140256610636483003e+02
2.863032122702212519e+02
2.136347207772485035e+02
1.918565892010914240e+02
2.007670635879127019e+02
2.148521448057240661e+02
1.895411621064348822e+02
1.730054122418283100e+02
1.666940036072739417e+02
1.824801205874229311e+02
1.591256373793350178e+02
2.372077951083135758e+02
1.939904045959930556e+02
1.915603567597939616e+02
1.647945509305876612e+02
1.924719386706876492e+02
2.065779875880699592e+02
2.182127336634873416e+02
2.096206732546021669e+02
1.967980910600501829e+02
2.011633306045399081e+02
1.876078028115837810e+02
2.258355757303571636e+02
2.128152587579974693e+02
2.234481912345311798e+02
1.893331968455613037e+02
1.876993852139365231e+02
2.200843744950665837e+02
2.240006878979922647e+02
1.845012082924736205e+02
1.860570352339292413e+02
2.082382216087884501e+02
2.033532582479284372e+02
2.471673162584025079e+02
1.911227068571901953e+02
2.075711769109510101e+02
1.949490698764122385e+02
1.930448725303193100e+02
2.097624031963212872e+02
1.883377828401999636e+02
2.256823793938816607e+02
2.076970836417794999e+02
1.839922652982990314e+02
1.924041416544285994e+02
1.918409946990996389e+02
2.111181530100686530e+02
2.255492876998356451e+02
1.988268017681257902e+02
2.040225379769538847e+02
2.215420020807049468e+02
2.219336317627270319e+02
2.356256139330957922e+02
2.001665841524484790e+02
1.892446265843336164e+02
1.843121525064648267e+02
2.686729350754109760e+02
1.892792594848803276e+02
2.087576247269836074e+02
1.919219468164880311e+02
1.973872124139661253e+02
2.255560223505987381e+02
2.349909767197792121e+02
2.024059242546650808e+02
2.282115261768454388e+02
3.114503174020031224e+02
1.740477781980644352e+02
2.225433743273716232e+02
1.910036026818172843e+02
2.264597124790782345e+02
2.263723207594445626e+02
1.959258211648987640e+02
1.966260551881583183e+02
1.930724743423316170e+02
1.921180900452488061e+02
2.183161470465408911e+02
2.048408571887817686e+02
1.905153842226926599e+02
1.675698805585564628e+02
2.405075326287177973e+02
1.851196693516711775e+02
1.982395431470601750e+02
1.944169676220234351e+02
1.953315953223395240e+02
2.654735999739500585e+02
2.007998612025145633e+02
2.271225855803702984e+02
2.009763338152173162e+02
1.938605978024631611e+02
2.265890488650256600e+02
2.001918526586559040e+02
1.926041567826910068e+02
2.105017042972718571e+02
2.223273053474073322e+02
1.911509552383633945e+02
1.912977090508613855e+02
2.114009145419087758e+02
1.950417737481360234e+02
1.994191316001092105e+02
1.868759240662418506e+02
1.914189924990868121e+02
2.267482713385517741e+02
2.000635441024892600e+02
2.255582637695021901e+02
2.378362306440400289e+02
1.993098361102784679e+02
1.992214639958861540e+02
2.119210277911205651e+02
2.084878165558426986e+02
1.967339770335927653e+02
2.832379466799513352e+02
2.075011897048147205e+02
2.222257753061999495e+02
2.562135263302004660e+02
1.844637847844241776e+02
1.639932486962659368e+02
2.424460252661170045e+02
1.931244944786511724e+02
2.140493357079650991e+02
1.983845960421441532e+02
1.768513225776000013e+02
1.938383016911778896e+02
2.150241098818468686e+02
1.862495247262957321e+02
2.095139346292671121e+02
2.007648175757635727e+02
2.182851751903479283e+02
2.043455617914309244e+02
2.080856961110600878e+02
2.170472304082829567e+02
2.266846142207538719e+02
1.981876358858742151e+02
1.878350332378853125e+02
2.039312308751442231e+02
2.106655145620297844e+02
