5.443364044687356795e+00
1.017486162970349994e+01
4.121535102302047449e+00
2.762733406908543543e+01
4.799601859830318062e+00
1.505347417247644159e+01
1.042628100928141066e+01
3.609424643272894428e+01
5.774237629453367049e+00
2.688665177563156305e+01
1.751947440982235094e+01
2.888492036838567145e+01
2.513555462210953806e+01
6.310563900851505537e+00
4.295385249351241441e+00
3.509366145318736585e+00
1.291688436695808662e+01
4.204447124920394430e+01
5.513044791457616611e+00
4.514489663109202411e+00
1.548752415077609612e+01
2.459908179291403485e+00
1.738336750578909573e+01
2.823918666637624142e+00
3.537261426944297682e+00
1.696655450844943402e+01
3.828515509428939367e+00
2.436376354001973255e+01
1.921370755803735619e+01
3.497449797013587158e+00
6.510911802520226388e+00
3.195297385634984266e+01
3.557397177602394578e+01
5.858657704996943494e+00
7.070973502443322900e+00
8.832485440772444463e+00
4.607773813650879902e+00
3.795136350404145986e+01
1.677410364985045987e+01
5.366385176006659208e+00
1.957471008559295456e+00
4.878784831224919571e+00
1.124311156449631710e+01
3.806081388703432822e+00
3.836663838700189899e+00
3.536217304379418636e+01
1.789169579170005875e+01
3.008345803026828236e+01
1.682717537709299904e+01
1.630374050804734054e+01
4.296562326061117432e+01
1.679835287753542161e+01
7.338691656223190307e+00
1.411725915513699192e+01
9.503929359685727718e+00
1.436595282570175414e+01
1.721724064569708901e+01
6.907049633728746585e+00
1.655063264655741762e+01
5.706963043604801555e+00
2.572709071694609406e+01
4.283765861250500961e+00
3.910622260685471474e+00
3.241200076525046825e+00
3.766279033352475381e+00
1.549364140534243006e+01
2.560684995025673061e+01
1.716803332932184389e+01
1.767482181578505163e+01
1.447822887824258942e+00
9.629644686102722062e+00
9.589715682543683783e+00
5.221280763053613327e+00
4.184788863968265105e+00
1.043179396256273606e+01
2.380213564646027180e+00
1.214626737293643544e+01
1.133970975849715046e+01
1.036434008180526689e+01
9.848213364782225199e+00
3.013836596120648181e+01
4.789314018824114783e+00
1.839073364507589758e+01
5.191801042009288381e+00
1.336442594914420567e+01
4.895497085777790858e+00
2.416957568820062363e+01
3.521165804008518307e+00
3.086701994109611746e+01
5.093528423747855527e+00
1.486674410040190253e+01
8.277978791946722481e+00
3.632849988844596112e+01
1.824843349120814651e+01
3.724190702650716389e+00
1.500587960305308854e+01
1.457524032133930803e+01
1.348581220592025431e+01
3.991199849978272596e+00
6.933434845530086932e+00
1.323322972838028022e+00
1.080298730938653762e+01
3.721347343712537281e+00
4.882304228929823608e+01
4.936252711900849022e+00
2.879576192622013053e+01
3.265534000152015892e+00
2.894885636725646805e+00
6.279723548850057568e+00
3.823069514061572249e+00
3.877975863919203903e+00
3.864163475380792079e+00
2.323470702939413002e+01
6.913709030089819407e+00
8.123953057817189460e+00
3.379087472259308100e+01
1.860200431054219905e+01
5.038932030504639670e+00
8.047005967830202167e+00
6.752281920516864488e+00
1.067177444399044361e+01
1.093883560383585518e+01
2.646811449816718209e+01
7.972638977241146563e+00
1.579915633728535340e+01
6.966724831248143346e+00
4.725551083016455323e+00
2.724807145665156582e+01
4.823483125802752625e+00
2.109402158801688643e+01
1.306378065459078641e+01
2.426001957176765700e+00
4.437799532293567495e+00
6.012948312707521836e+00
1.894868471033245783e+01
5.140172656305466603e+00
2.078801477017449884e+00
1.150211110053557206e+01
9.444145790257167050e+00
3.159465291007691690e+00
7.231124636105491277e+00
1.222031398512638134e+01
3.484708613950104450e+00
4.040583798460178144e+01
7.071022713656816450e+00
1.075591471137413180e+01
4.812390236905372376e+01
3.616884962988576291e+01
7.116882143978870090e+00
1.697535966558567111e+01
3.004032293747158633e+00
3.471997831157997894e+01
2.782632255500585217e+01
4.492275104154899168e+00
1.702799210596570845e+01
7.984063311131023966e+00
3.799633504885377988e+00
2.342757327562569003e+01
8.276707584108507376e+00
9.398511936809470058e+00
4.662700350077216171e+00
6.651379542777391407e+00
8.594844244728619742e+00
4.549110651310741105e+00
4.455112065665604604e+01
1.271113384367809829e+01
2.001790701103118408e+00
8.074716014470197933e+00
2.461417644860910059e+01
1.603756129950781428e+00
1.384693752700653135e+01
1.979322227952948765e+01
5.609513339254320385e+00
5.389725737993913413e+00
7.698676698661088835e+00
1.312965431010908901e+00
8.007953538377151403e+00
4.147015484643914363e+01
2.031291157849408080e+01
7.298508761810850842e+00
5.918288489741399871e+00
3.878210974244453269e+00
5.199831467566307452e+01
4.920286085804787746e+01
5.349862836215976358e+00
2.363535859617509516e+01
1.330489362113240759e+00
6.245214359610798738e+00
3.538395119819455203e+00
3.319483974724190745e+01
9.992911589901183333e-01
4.160610828479590850e+00
9.687412956210351922e+00
5.202745022712164769e+00
1.312164588563675238e+01
2.056815768626019292e+01
2.846550954690653157e+01
2.259009704183362999e+01
6.755794619178814742e+00
1.168721943501411431e+01
1.494040145936530450e+01
1.436301558270595535e+01
5.798218199789104688e+00
3.324068672096416321e+00
4.709368754861439754e+01
2.325899391823483597e+00
3.663771243887881468e+01
2.117094725593887006e+00
4.297833054385534979e+00
5.154755066202056923e+00
2.886086428281574712e+01
2.318798964954453368e+00
4.183531612071224259e+01
1.524364625536634321e+00
3.439454694316921746e+00
7.287255707837204000e+00
1.452431154142823289e+01
5.456175304841082152e+00
3.876057546034516577e+00
4.008627054045987848e+00
4.374922395209836168e+00
5.047271243052634304e+00
4.256714846865735780e+01
9.032434494054555785e+00
3.749594832530790711e+01
1.792705369491510226e+01
4.709193639039696677e+00
3.784292376903216848e+01
1.153597347268842555e+00
7.701323351537851636e+00
1.255512982910947528e+01
4.039008659190969297e+01
2.605271390482789684e+01
4.140532618978326695e+00
1.030736252733808556e+01
1.657544825312562864e+01
4.285669114226379861e+00
7.352224682457432436e+00
1.698814215660182469e+01
1.484343812068087232e+01
1.806898191764932449e+01
2.847609087089313107e+01
3.183322974882858603e+01
1.472859619918672536e+01
3.685454468723165178e+00
4.249447817875491751e+00
4.358839382365999882e+00
1.264795853959738281e+01
1.635625249274752946e+00
4.743698403380662398e+00
7.342352859645799867e+00
4.183785796887105590e+01
7.643015473675205840e+00
6.510311960600276393e+00
4.371673332951843349e+00
3.942008055481427675e+01
4.646234863305636509e+00
3.542844983881835219e+00
4.699167686115288234e+00
5.965752192227583350e+00
6.977527531562927265e+00
5.558112195463266403e+00
4.068682125005437911e+00
3.299396599529401897e+00
5.821677305218642573e+00
2.020040417233235530e+01
1.828242862920352252e+01
3.827321082136265318e+00
3.509354277022459456e+01
3.281646112697998774e+00
9.243852432191047797e+00
2.185300180525921121e+01
1.937605520691802496e+01
4.061426461214153960e+00
1.964331528538431826e+01
2.180484519199822557e+00
4.959156924936365840e+00
2.488993053194073468e+01
1.980947043063324031e+00
4.164386669350761849e+00
1.857784383454985289e+01
1.045794240189869129e+01
6.031740246856145404e+00
3.264353409609370260e+00
1.168225355400574017e+01
3.571772563409297163e+00
5.250922148263825306e+00
5.318039715607781659e+00
1.964274377224057844e+00
3.577993488441716607e+01
4.881957671567604962e+00
4.362409169523409247e+01
5.914856928416440951e+00
1.018829112445227736e+01
2.857360814948050631e+01
5.725039802908668207e+00
2.856482803071926924e+00
4.886730499450735010e+00
4.956205158245623466e+00
3.108151587482510081e+00
7.306910121184088780e+00
6.216998118803687134e+00
1.481167360059548344e+01
2.552504518917376686e+01
4.873545063889565654e+00
1.816166279215478596e+01
1.571631232182659232e+01
1.986117573912594025e+01
6.672460406925807774e+00
1.519761682490877774e+01
3.040895946055329091e+00
1.148063283801288037e+01
1.722894693608131433e+01
1.543200560205691829e+01
1.866535508457246806e+01
3.978212410279257227e+01
7.483149159280770846e+00
4.474944418369692301e+01
3.977102753613590380e+01
2.764873695940347886e+01
1.583424652764387019e+01
1.428047081790853667e+01
5.756478132874278231e+00
2.853783278936191437e+00
2.485389965051933814e+01
1.054297979860311330e+01
3.993746242559069515e+00
3.917966942480752124e+01
1.832532947772843102e+01
9.005569264087881720e+00
2.247302343871204755e+01
1.760801881656857404e+01
5.585745045874546122e+00
1.129921190875805337e+00
8.331152721088002977e+00
4.563456103418374710e+00
5.305608981379137390e+00
3.748194634241173162e+00
1.442464560726125455e+01
2.591050763170471782e+00
3.923257422906829106e+00
1.113446178097760253e+00
2.819440855199900398e+00
5.444808427488922575e+00
1.360712541447882984e+01
1.269064928277815341e+01
5.590904290458979631e+00
2.435385236025406641e+01
5.432295557099990901e+00
4.207790261153135702e+00
2.029764944420435313e+00
3.275399757003285117e+00
2.983022717690163716e+01
3.005510131448374977e+00
4.732562021509366446e+00
2.998678695484810675e+01
1.949197593760555947e+01
2.247270143192380942e+00
8.262274510877247735e+00
1.673464652983521717e+01
2.305548297407830205e+01
2.664245484246401929e+01
5.154880251225748111e+00
2.092374451429901683e+01
3.201395541636872366e+01
1.320672239655326052e+01
5.314489570289566700e+00
7.956904550164992429e+00
6.876739915877820408e+00
8.122940074756058948e+00
3.305315132516682297e+00
4.640450761435701565e+00
4.512797260770526719e+01
3.673355315216397798e+00
4.405668718413208040e+01
5.871461363888684559e+00
3.278053971390254873e+01
7.620610196584067353e+00
8.246889490848857918e+00
3.558545744948971645e+01
2.175433207926047885e+00
2.467516907940364490e+00
4.742557181581872783e+00
5.934660098105510428e+00
1.152248364530757385e+01
2.862407140845149911e+00
4.890487385061376813e+00
2.267536103567607597e+01
1.257354023413520849e+01
4.571889935643710601e+00
3.910278133825665492e+01
4.863327129000168725e+00
1.061097892575993740e+01
1.775975564165040055e+01
8.535368588519759214e+00
5.166504994782272320e+00
3.132794156022967513e+00
2.120846421049961350e+00
1.819188628067934133e+00
7.311056421582023290e+00
2.424166426155349541e+01
1.042984574317374324e+01
5.621400660207399369e+00
6.411412912562170163e+00
3.271004021408018048e+00
3.424159449448140435e+00
4.523385968474990904e+01
7.529746915782368433e+00
4.769877305940468659e+00
2.900677594668891857e+00
4.822622451371046282e+00
1.326193177028123671e+01
1.174863295067841307e+01
5.527020247876322401e+00
1.674670904798341553e+01
4.784730479889120147e+00
1.100136508081538977e+01
6.019784723676664839e+00
4.754500216277477875e+00
4.636757911560039247e+00
5.640436056746480631e+00
9.595078658774284008e+00
8.816582726961229355e+00
8.381560306465175358e+00
4.298211865102437201e+01
9.723361750082446520e+00
9.168316524922147437e+00
7.109948108677045298e+00
4.826222155288604654e+00
5.954349036309722010e+00
4.894205328696571655e+00
3.786842913714622227e+00
1.749454073872506399e+01
6.720794383130055394e+00
3.106414406535002115e+01
5.305511190237822916e+00
2.653869388434225129e+01
1.912022703738163898e+01
1.809755504921498925e+01
3.623693805259804890e+00
1.094489866215971574e+01
4.289492509490756333e+00
8.032448061387697180e+00
4.391909957631014549e+00
5.090536455972696217e+00
3.091649185780856612e+01
6.147569315775228915e+00
3.213235508082902925e+00
6.615967197183422854e+00
4.345007161147378838e+00
5.675442223761578475e+00
5.340942555115248069e+00
3.230842672472803656e+00
8.877090665628458055e+00
5.937914354601744549e+00
1.652406414617870212e+01
4.156189150989897740e+01
2.143540176124288621e+01
1.947601021379475128e+01
1.704210799604949500e+01
4.038995070603917270e+00
2.026114880442833055e+01
7.983336823515458036e+00
3.603720256309358660e+00
8.257545070171914858e+00
4.362472190436626818e+01
5.128709420589359524e+00
3.808612626659161293e+01
1.665231401346170514e+01
1.323485988384774714e+00
6.062850806387217517e+00
1.987836879693452374e+01
1.018776250777274583e+01
4.568916404968615552e+01
3.516999814895541476e+00
2.906948491622467401e+01
5.809838383017549290e+00
1.483629043592684127e+01
1.299112900530622028e+01
1.135963082616856923e+01
6.215673093061013788e+00
1.982802396659499777e+01
4.715780365440352284e+00
5.314520334111321631e+00
1.983432584365351659e+01
4.293424760036983656e+01
4.782011688031332142e+00
3.087777992527890092e+00
4.322762636576172213e+00
3.981324249161040285e+01
3.727150750270531177e+01
6.145785175542698653e+00
5.878618481832972975e+00
5.680091447019165685e+00
5.748100775278132346e+00
7.788725728203061749e+00
2.302512018319958997e+00
2.984057188230380575e+00
6.609472738922647750e+00
2.267349711521376321e+00
7.331907396898131424e+00
2.701870816572949963e+01
3.211144627213625569e+01
2.425027177453526406e+01
3.847441369748712248e+01
5.203402456775876317e+00
3.670868096264042180e+01
7.633128613223945536e+00
6.454206107952927596e+00
4.942284544504715882e+00
4.942385602911497955e+01
4.631785085201002516e+00
8.468666731055549235e+00
6.723574117549475204e+00
1.125983352201562582e+01
2.058156022534052454e+01
4.068677496041900099e+00
4.822163505602730993e+00
5.169879621323701713e+00
6.164678405255799021e+00
4.915327630088896171e+00
2.368005155732106459e+00
7.622110360949974961e+00
1.234918741558630018e+00
3.541598032582825795e+00
7.244755651076758340e+00
6.903013334160661429e+00
5.020745927744130199e+00
1.012758921839660786e+01
3.088630730993255469e+01
3.748252000543232043e+00
4.132447350165620037e+00
2.018145636518653419e+01
3.086390456809301241e+01
1.343259753713462601e+01
4.571136468322322344e+00
5.997792927769808102e+00
1.300609237269956964e+01
5.757941476881313747e+00
1.877593939201015871e+01
5.748978581615219241e+00
4.510933117780304258e+01
4.005399216450840072e+00
3.198317207495207981e+00
3.247885388086629632e+00
2.915675840247615724e+00
1.289840251536482185e+01
4.394086545775593322e+00
1.644704715440627751e+01
8.816248649137776283e+00
1.507436420617382566e+01
4.685442947858618368e+00
1.675799055777912372e+01
6.877898777811950026e+00
2.643970045349902875e+00
7.451241677650088491e+00
1.085205094540638981e+01
3.361428862226432557e+00
2.068707266906429254e+00
3.573350611050400971e+00
4.869781478581430179e+00
1.158834648976664994e+00
7.460741329054386028e+00
1.157643959328869698e+01
3.091999136680707494e+01
5.162701333836935191e+00
1.859087013763483753e+01
4.910513117350333800e+00
3.900647523914713588e+00
2.609490571652556667e+01
7.205778271742985908e+00
8.696594959348615816e+00
2.604842491053261710e+00
9.662596667345340506e+00
4.928011666281008729e+00
5.438982119843473129e+00
5.426998517228369678e+00
6.012466987370899574e+00
9.473071878556794445e+00
4.007296845851781342e+01
2.022321275092218684e+01
4.204021030007668713e+01
1.501639631994314072e+01
2.237973088996753290e+00
2.091977009576883972e+01
4.918850290674726011e+00
7.691328460543516599e+00
3.529158475581674281e+01
1.055078505932772259e+01
3.438205180545509165e+00
2.873384170725917386e+01
5.370299904807069424e+00
5.556320692265671823e+00
1.718876467812582121e+01
1.002380780615817457e+01
2.737086718406047225e+00
3.381763272122363162e+01
1.894588257174953583e+01
6.337926082227710367e+00
4.123798168229458128e+01
8.728713553974358774e+00
9.446729016324567851e+00
1.740686801314103604e+01
6.166463881009079273e+00
3.208166363252601627e+00
8.466928293410035167e+00
4.503794712637017028e+00
4.984910917781022022e+00
2.138320052031147611e+01
6.107156330562716562e+00
8.314557030175038221e+00
7.688489210328413037e+00
7.865046253785877184e+00
1.672296699202675541e+00
1.708809730362870027e+01
9.898702772163801455e+00
6.897114972120249377e+00
4.398934007457626194e+00
2.217513409428762827e+01
6.190626240546677650e+00
1.412091519018643737e+01
4.817726498848472261e+00
2.625422537101746912e+01
3.138357508496071091e+00
2.334357155317366050e+01
9.523401280399511393e+00
5.679863192972845809e+00
3.602433214095910330e+00
9.356809974415071451e+00
6.710087990556843351e-01
3.541878732803317575e+01
5.317254703384818981e+00
8.579322066373862299e+00
4.273766798798803279e+00
8.861110152879660973e+00
2.070136259595388140e+01
2.874526108481106235e+00
4.999319776619728373e+00
2.897210623596571821e+01
5.567037862739510956e+00
3.453589600427343953e+01
4.149568297722530730e+01
4.832088218878652697e+00
7.424437938329120357e+00
3.960536828197339076e+01
2.361434655810309380e+01
1.121234574108797233e+01
8.899099235983698009e+00
3.601417825650638349e+01
5.617232275115483731e+00
3.937856834760339098e+00
9.049251640122164986e+00
1.134147540685950162e+01
1.840526884681194986e+01
2.951989413803129025e+01
3.906811258436931666e+00
2.505519749913541716e+01
1.577328589869466668e+00
3.603373696776117185e+00
3.274369401188238271e+00
2.481537481754158136e+01
3.298819912228274376e+01
5.190463693149979463e+00
2.005709976117098847e+01
7.590399046872690292e+00
6.857333318972578695e+00
3.757012493014682519e+01
1.204185504912177862e+01
2.785128062004272209e+01
4.948705261173003578e+00
7.015465571335255390e+00
6.899567021337858819e+00
2.267116984070113972e+00
5.070181345517966065e+00
3.014147709770732320e+01
1.009864559303477449e+01
8.506939579857089484e+00
2.793362395828455647e+01
5.993239538691369717e+00
3.371940276482689569e+00
1.433212085373583022e+00
4.981532691037941163e+00
7.082474006670679501e+00
3.656746001602820684e+01
5.879326487594497053e+00
6.545393643245333237e+00
4.978468492697118108e+00
8.133023840086735845e+00
2.461094438504169091e+01
3.696677971559566345e+00
3.392556102436671495e+00
1.755759658311097837e+01
1.957456595289572476e+01
2.390697822925247351e+00
4.555684651393136164e+00
4.700807436081959167e+00
2.609109035069162985e+01
1.868820173177877564e+01
3.375873884435719674e+00
6.066531328314795246e+00
4.700123059926383462e+00
3.071779929958196931e+00
3.296472125445776413e+01
4.153932622294462362e+00
1.593669657364570469e+01
6.504030768619031733e+00
5.551546083533551723e+00
1.706277246670217096e+01
5.302914625429423268e+00
5.514856311158283120e+00
2.053395290057181910e+00
6.110952742802652438e+00
1.079573891861109303e+01
1.927338308640513276e+01
3.271876035884678657e+01
6.883015389253827720e+00
2.122312356471825012e+01
3.948098856602101137e+00
5.474711419953038671e+00
1.114625106934241217e+01
4.695419681788862931e+00
6.370988982614477436e+00
1.107032418663152384e+01
3.979407748855109617e+00
1.823019490000486087e+01
5.003390465441583501e+00
1.198615529106584177e+01
6.959001122081843960e+00
6.975661628119780744e+00
1.104204014708901127e+01
4.944759701879803515e+00
1.362456028589647872e+01
3.143392679958736835e+00
1.758096864006778048e+01
7.546889540707411470e+00
6.595205052361436060e+00
1.087695139282686796e+01
6.134393596326304987e+00
1.892157181634443930e+01
4.373939140405937565e+00
1.135485504152391911e+01
1.084032236050840936e+01
6.329695439479806396e+00
2.494089199104830357e+01
3.813194025280097321e+00
1.689500350295280384e+01
5.842163705399144646e+00
6.924072017885904984e+00
2.774109536530890097e+01
4.554572509699838179e+00
1.753618764675132979e+01
7.356132077317525386e+00
3.400661037322267788e+01
5.027684686578481887e+00
2.461187989218444727e+00
4.328993585829437052e+00
4.300045052682420987e+00
4.063458875639213375e+00
6.772699900398833961e+00
1.592594369619990857e+01
1.967939210487487856e+01
5.752013921115505468e+00
4.405380334211457694e+00
4.534025854650565179e+00
6.207783052777429589e+00
2.886331837457682781e+01
2.581107016849087188e+01
2.161848285454254892e+01
2.127400188183457885e+01
7.853351727028453411e+00
4.896708520727699465e+00
1.433493496651261978e+01
5.349220988927953613e+00
1.826743709550197536e+01
1.426796795139902940e+01
4.719581800562664853e+00
4.663391128928566332e+00
5.099798125258345749e+00
2.596815107401610589e+00
1.305740005410737581e+01
5.131079253987635980e+00
4.343515601428308059e+00
4.554285528056013277e+00
1.920632998074910347e+01
3.557172232533650202e+01
1.077574487295149197e+01
2.979880303996525015e+01
6.569773808241919255e+00
1.834401882808053585e+01
4.176658864788786474e+01
7.238508139540613229e+00
8.592635352992530784e+00
5.417578467879451409e+00
6.339748470889048804e+00
5.082024080175855829e+00
3.383876096451264459e+01
1.846681220635424836e+01
4.149063306433051679e+01
7.553121364220672262e+00
2.954324171842870328e+00
2.864686991631187141e+01
2.564534383043010735e+00
3.467125298369452935e+00
9.134133240259629360e+00
2.758224422779355223e+01
4.945339749764656290e+00
3.888754141926000329e+00
4.834390331602648416e+00
1.817645382436568013e+01
4.999780864040445749e+00
2.967929670701036571e+01
2.500257643566673948e+01
2.448184022815638627e+00
4.971417610383269903e+00
1.074518433899120851e+01
4.394968735819787753e+00
5.631315336243503111e+00
5.023280502548928439e+00
8.591106626447270855e+00
4.838899397389082679e+01
1.887318712561652490e+01
5.626189651126040303e+00
4.728278582422149157e+00
6.476275712859930422e+00
4.199836066252511557e+01
1.012500982173436626e+01
3.047197949820784402e+00
1.679159794239883752e+01
5.692135551923570347e+00
1.624536248405331662e+01
1.239700809436303075e+01
4.916492900721308956e+00
4.422732761749401220e+00
1.667662547381094384e+01
1.800776139839683765e+00
2.374770132111979137e+01
3.739267711047456544e+01
4.870378275452409866e+00
2.739644974976256719e+01
1.970955235214830736e+00
3.265968447029223398e+01
6.105839336214685886e+00
4.235888675732837783e+00
2.930399048888915559e+00
4.893502271106328294e+00
3.946496663484438727e+00
5.448615069189131077e+00
3.850870962384914264e+01
1.469814898082370291e+01
3.813800581558481895e+00
1.871729750513591739e+01
3.352389348010115810e+01
1.568858860078694306e+01
1.990808407054494467e+01
3.389647159310415248e+01
4.554711947376830494e+00
2.736791595218036832e+00
6.845633497046065941e+00
6.133603604030568590e+00
5.031403193083534120e+00
5.843957788507225359e+00
1.432295267081892121e+01
1.997752651268301349e+01
4.260867335981032511e+00
5.672470333492171335e+00
3.467477271027533448e+00
7.011170809426957362e+00
1.458287248412321446e+01
2.338952986466559025e+01
2.868508273782890683e+01
1.451166584639270241e+01
5.588843175618251280e+00
1.102687123653844026e+01
4.556057397407442977e+00
5.303079320176905753e+01
5.370510914858385831e+00
1.690266893827798356e+01
3.756994832172637189e+00
9.151721192358365897e+00
8.441033958897335765e+00
2.963887780227594249e+00
3.591682201806563057e+00
1.278620210181414052e+01
4.293826632834779389e+00
1.583429996132566941e+01
3.855094504809347455e+01
1.742804692361355023e+01
2.048454484204427217e+00
2.938288987306663103e+00
1.941807797527205537e+01
7.646929307215557969e+00
3.073459731625050040e+00
4.357341327020917987e+01
1.076158690829150544e+01
1.009959806573674257e+01
6.963585895715638685e+00
2.301454713338017655e+00
1.094368009401138409e+01
1.776905722487079231e+01
1.495271068360993638e+01
2.546181099762503663e+01
3.175737835880660498e+01
1.793468085622674835e+01
2.906271247153702575e+01
5.306306830888459558e+00
5.037811397068026054e+00
1.153962900900306465e+01
1.861162255583860770e+01
6.443079591242550919e+00
7.445465537266244382e+00
1.411171098449487715e+01
2.946297091203817331e+00
5.113698387531925960e+00
6.541513642578635768e+00
3.426899960540637835e+00
3.911172187982188575e+00
1.021734866852031587e+01
3.989642840892088316e+00
1.996423145047231174e+01
6.345634479814137308e+00
4.570888310738297378e+00
6.939690724514122167e+00
3.119890272391130992e+01
6.657953351615731208e+00
3.541886601972748849e+00
3.242383782174982798e+00
1.489441217781197224e+01
6.018451999932139529e+00
2.538520281437740778e+00
1.300689655603582651e+01
4.171362213767579874e+00
4.824942632498251527e+01
3.772766662571371654e+01
8.626582865013844525e+00
4.908353401335801891e+00
3.583359105911711140e+00
4.133440569595720149e+01
2.311876792596095243e+00
4.901761742457779292e+00
3.624319829113602509e+00
5.175974312246481190e+00
4.627317787870737220e+00
2.291562546355123686e+00
4.820459587321948902e+00
1.295137474558535473e+01
1.852211383543192369e+01
6.576378847466102684e+00
1.768368444878883849e+01
2.148614502992329278e+01
2.770392668969108740e+00
1.957836248766852805e+01
8.871707172371912975e+00
5.183408560271573151e+00
6.301513013434089316e+00
1.190438279021367407e+01
3.789107936194952231e+00
6.460153537305814098e+00
7.862390837020370782e+00
6.354987837620669211e+00
2.572542903152032068e+01
3.503460652362448968e+00
2.077574007107259035e+00
4.839214349014779515e+01
1.530578365199933444e+01
1.038770707170739627e+01
5.325884464288634490e+00
2.054277901959657981e+01
2.934134308961603210e+00
3.315819839223593135e+00
3.526436472805193745e+01
9.995210689361186951e+00
4.720133930620193041e+00
2.307298607456272066e+01
2.411640361557344647e+01
2.134645951122878671e+01
2.362449003544199400e+00
6.826868758014370542e+00
3.392379063872642320e+01
8.105136771263758533e+00
3.363884922700243152e+01
1.112340610220400094e+00
1.313296078691332980e+01
3.767067172229076277e+00
5.964391485136218307e+00
1.307086050432215529e+01
1.808797759730032340e+01
4.333265040685830627e+00
4.052653096830098889e+00
6.125719499590459804e+00
4.789710107173831943e+00
9.362869108760975223e+00
3.021285524360663999e+00
3.063351755075514404e+01
4.596209087899183032e+00
1.241766350495740312e+01
3.377025471333736562e+01
1.221418260349986440e+01
5.253390624405781750e+00
2.327928261735594617e+01
1.957843801850131626e+00
2.241490075549876337e+00
3.242682896481629484e+01
7.824895574715938551e+00
4.130690798592264912e+01
1.837350932369365353e+01
4.995171135502289417e+00
8.292696924713069961e+00
8.938809648338647662e+00
1.594453302760834390e+01
4.188361720634585339e+01
2.027959455629826380e+01
1.135596461221368259e+01
6.009459177231889271e+00
9.983882188092010779e+00
1.699357658745839217e+00
7.188266219145759806e+00
5.661703871005300925e+00
7.931767570139740542e+00
3.823261680313407851e+00
2.153673727259855752e+01
4.604484957199449013e+01
4.771669772244706564e+00
3.659638669667998556e+00
1.537146051464965524e+01
5.569992252077824446e+00
2.124583445880132615e+01
1.146620868128479742e+00
1.998119904928174151e+01
1.100779035769623704e+01
3.247545185620401753e+01
5.598439032130869464e+00
1.370010861089426157e+01
6.766819901702788798e+00
1.718227908245465585e+01
3.695173317042275585e+00
1.455237647836194981e+01
1.692901438922473289e+01
6.509851772382504009e+00
8.075646503440736979e+00
8.634147778416959795e+00
2.143656606921467755e+01
3.572953663805762403e+00
2.262386461206044430e+01
2.831083126771002156e+01
4.861195006694984500e+00
3.724067260776223520e+00
2.149056470827761700e+01
4.670689806388017473e+01
1.054572573617664943e+01
2.681593619216570801e+00
2.566192662438538719e+00
7.573441474826722697e+00
1.496143272152569637e+01
6.014926680077095966e+00
4.369105061654650513e+00
8.266059879700591750e+00
1.909293207731914777e+01
1.309541303654485489e+01
1.516447526828200409e+01
3.310678853701290336e+00
5.991745438591195239e+00
2.639239057887891704e+01
5.715250700634186387e+00
8.716911164075980878e+00
4.228725180903325054e+00
3.252017824095229059e+01
9.960005214476538526e+00
1.268391808844579316e+01
3.621366056374782261e+00
2.004089877229593242e+01
3.155087078459405348e+01
1.599528490200606257e+01
4.916804436522298261e+00
1.927740265910669848e+01
1.108732227849323237e+01
2.472557564568333532e+00
4.501819181229720357e+00
1.517513889745184485e+01
4.910075796627822342e+00
2.507018485268231700e+01
4.007121460789594636e+01
8.355458663793328355e+00
2.495491283005731020e+01
1.947745557693849605e+01
9.820970471833888382e+00
2.584413344479756347e+00
1.940526609242691336e+01
2.027582998923659829e+01
5.927197580729199444e+00
6.911514689245763066e+00
1.154990388108403465e+01
4.441993268453614974e+00
1.463672596055315012e+01
4.715131326638612563e+00
3.965096849448315197e+00
4.378616495610614834e+00
4.768306394394798531e+00
1.732459118941747533e+00
2.339131380074898914e+01
1.677786946412950897e+01
3.657932379686275937e+01
3.133016895115079592e+01
2.274949026095224269e+01
2.291893919044576933e+01
4.745400329165036624e+00
1.432708045295740362e+01
2.891171247683050183e+01
4.175034458649832914e+00
2.572664828827878125e+01
4.077921745149026833e+00
2.005998077011710734e+00
1.832241559864655756e+01
8.811719145261733388e+00
1.688720177521136634e+01
4.258935498701590205e+01
4.976970833008790862e+01
7.570103402026703066e+00
1.788773610282008519e+01
4.411154685316972746e+00
4.087540042646992333e+00
6.231050214158145195e+00
1.783499573207771505e+01
4.921712493461614457e+01
3.462966078825942873e+00
3.128041058233110761e+01
3.642848529215899589e+01
1.851172286310750792e+01
9.864537657985209762e+00
1.292914460758966300e+01
2.985954470595785892e+00
9.607033024915580199e+00
2.852860888111280246e+00
8.519019771935219865e+00
1.676123833572049193e+00
3.682033399807765051e+01
7.669262177238749700e+00
2.543979447646920278e+01
3.213514286095730199e+00
3.021270732712176255e+01
4.734201142733539314e+00
2.970528433246371947e+00
6.196923934129259237e+00
1.955022219319073429e+01
2.945980621303127123e+01
2.286862882561449339e+01
5.680139123334441820e+00
5.821097121719432721e+00
3.035191881638601785e+01
9.016545658673550179e+00
3.400812702611153071e+01
4.945240057843179216e+00
3.474637606051661720e+01
1.421268463115258385e+01
2.622747202281468049e+01
1.268739228342869296e+01
1.908478989071336684e+01
1.317253304287646642e+01
2.865746810523830845e+00
3.397504634813865465e+01
1.031944362277300797e+01
1.379818778230310272e+01
3.410594125639831731e+01
3.841284507916654434e+00
4.428645266079186626e+00
7.555150826783332718e+00
1.987079231270412549e+01
2.350316576353847609e+00
8.398974452474305963e+00
1.834403337509830578e+01
5.084213053179055919e+00
4.223651621197760164e+00
3.225764798686753920e+00
2.768427804401168402e+01
3.647233838309927734e+01
8.670867358284638726e+00
4.555170510588684607e+01
4.337525788080768052e+00
1.013366559889725238e+01
5.777527727633611221e+00
2.495643306441517950e+01
8.018505366093563680e+00
5.511445326582517623e+00
3.756904656585192015e+01
1.566524863408547219e+01
5.363265890747499043e+00
6.043645874066598367e+00
1.351811002139429263e+01
8.428101693632001457e+00
4.205931289372045967e+00
3.095808196672449952e+01
1.465920999056972107e+01
2.731446132730712151e+01
5.763349776332120200e+00
8.995298442381653103e+00
1.101953298372446000e+01
2.591656161681470394e+00
6.482488238614678266e+00
1.242366761539112474e+01
1.386228716287442353e+01
4.156187270595879113e+00
4.463891556382023396e+00
3.009443317169656495e+01
2.100370413255627966e+01
2.911400981325333959e+01
4.814210732224779576e+00
3.998855405425857157e+00
4.280461530455826846e+01
4.015208461085862268e+00
1.546762035184471529e+00
2.159951436593050289e+01
3.208552946317078636e+01
4.563114697425039168e+01
1.355343021816288740e+01
3.486066458260764733e+01
9.798979691839249995e+00
1.131378362521033409e+01
3.572834634594826753e+00
1.923980342905674945e+01
2.029755718576853951e+01
5.750730136314089691e+00
3.245966563571684560e+00
6.124761401996281052e+00
5.233376589991311789e+01
1.667172149206623999e+01
2.807698581692974926e+00
3.101854368085432867e+01
4.121002128779792884e+00
2.188548398520308069e+01
3.133749386291469818e+00
2.078131338934097982e+01
4.049154057232030368e+00
1.834399019518470197e+01
1.007454413809018945e+01
1.888836267605097419e+01
4.058489048183244563e+01
3.392421235428893311e+01
3.000564079403062578e+00
9.105890833614338931e+00
7.935112813476038696e+00
3.408528869777194359e+01
8.115648006676195791e+00
6.331877996742491632e+00
5.331808184093191016e+00
2.074703135448933722e+01
5.212975194950189461e+00
6.269011419940312635e+00
4.822186559175051457e+00
1.656122289823501603e+01
3.623293379465195585e+00
4.293850678696642831e+00
7.545963213099241784e+00
5.400643397760603648e+00
5.237501142465504245e+00
5.490765958697750193e+00
3.642493000395006675e+00
1.480597797567112650e+01
5.369048030514491643e+00
4.312778703159736438e+00
1.110057884730026956e+01
2.521469161465991249e+01
1.897582492999754322e+01
7.111809441064323778e+00
4.010935320365938850e+01
3.701830486886819926e+00
5.290527105622885529e+00
1.303994638778827664e+01
5.836928778156377007e+00
6.799155411846754760e+00
2.597355956485259298e+00
7.400578246585709508e+00
8.611926725056861187e+00
2.310834074911582547e+00
1.471669663953670693e+01
4.700852058905184094e+00
5.067601265290372226e+01
2.468792989788347825e+01
1.431829390973808813e+01
6.951749468935361165e+00
6.824630906586733659e+00
2.446116691034482926e+01
3.833576819220078136e+01
1.420071711919646873e+01
4.703689049531689648e+00
7.485911733339634111e+00
4.497836423003775508e+00
5.803655232156629040e+00
1.471281422452859999e+01
5.106925903732701499e+00
9.414740170792413210e+00
6.442280074695304393e+00
3.580147866112227462e+00
2.938737915958469671e+00
1.408439554931450743e+01
3.382018143682862643e+01
3.323352502339505321e+01
2.430503988848940367e+00
6.670848829293717586e+00
3.280899051076875139e+01
1.468595286173865588e+00
2.974818949129570456e+00
8.385966716581137348e+00
8.066559579805385738e+00
7.556885383261715106e+00
6.369246754734916749e+00
5.529409454972665117e+00
1.004979458226435440e+01
1.500318475661312334e+01
1.713298201815275945e+01
7.551701135602542081e+00
6.501971512445180679e+00
1.170481240044615845e+01
2.307256873865041769e+01
9.933892383876127496e+00
5.300062570608915280e+00
9.729578721258391738e+00
7.938499056875400584e+00
1.428978061637302233e+01
2.983287474535174510e+00
4.570176744174474948e+00
1.578987141569254504e+01
2.645822478802998745e+01
1.880139483427049640e+01
3.356484157465139617e+01
3.494292905277561090e+00
1.095562084559588811e+00
6.704734290483457926e+00
7.201848877571762841e+00
5.873088050915015401e+00
1.645688912994309305e+01
1.896495185076544487e+01
1.074411076741571947e+01
2.648430018871096081e+00
4.138930458901583620e+00
4.787247927394801650e+00
1.480604552347554659e+01
8.988959180425467821e+00
1.542947648407908900e+01
2.286585625812521982e+01
3.578639940160383759e+01
1.085568543510291306e+01
4.000004550847648943e+00
2.493108597920794978e+00
6.959218164594048517e+00
1.710673090172825539e+01
8.618534635356070339e+00
6.060218308806469167e+00
3.975393652725841775e+00
3.083063580302680862e+01
5.615976714237746137e+00
2.348590522819961279e+01
9.367045460864602546e+00
3.925177865855828685e+01
4.021240505966385825e+01
6.993797285919157503e+00
7.140594680053155230e+00
2.650448337119998854e+01
1.857877651093772897e+01
2.563296658237101155e+01
1.407403632832817664e+01
6.228516294483853244e+00
3.314475006483334596e+00
6.307787204772623113e+00
2.370892025702495687e+01
2.455356115897693314e+01
3.164108519261702668e+00
1.488647033781543882e+01
1.552875456436424884e+01
2.215540224438072414e+00
1.005396405454352760e+01
1.312899324512483190e+01
1.574135211377320331e+01
3.688026582156680888e+00
1.221382434711154019e+01
3.141211461422087581e+01
1.253588739056893075e+01
2.716848620564789485e+00
4.944515222946975541e+00
1.386229233657479654e+01
2.977760297567780867e+01
2.553985498445331359e+01
4.554996464492461428e+00
7.564993781832228592e+00
1.865549412753891545e+01
2.261857533887723548e+01
5.018631279557741465e+01
3.372382632657962631e+01
3.962455092160780623e+00
5.140741116888321471e+00
1.261312001561350371e+01
1.359098300612963328e+01
5.704613760321564087e+00
2.940747435190800729e+00
2.291209552179672926e+01
4.102779895811991651e+00
6.079037044400081413e+00
1.852929014916634287e+01
3.150389543414263471e+00
5.508843959660978840e+00
1.977043574082615862e+01
3.797271569113985379e+01
4.113058834280739973e+01
1.675123533742194581e+00
5.792154327422849747e+00
4.309257589020347723e+00
2.025479548566356414e+01
1.607576064024971174e+01
4.983428219700731887e+01
8.452104724167611494e+00
3.732078447072467497e+00
2.137000524701520021e+00
4.231641034581533489e+01
6.611434603512861941e+00
4.020350360466750317e+00
4.724390255855766441e+00
1.412759189104154700e+01
4.761311857308044182e+00
2.268913849651704595e+01
4.086535015408188087e+00
9.233875963281775512e+00
3.404857950623296858e+01
6.616104528532247286e+00
1.579495777145172042e+01
3.748471817356332281e+00
4.244516448567638633e+01
2.864567414082060282e+00
5.154121301038514957e+00
3.555261425603736569e+01
2.964703415988537927e+00
2.087363886858898354e+01
1.112827478007659465e+01
2.310660032419804111e+00
1.529324598948434755e+01
2.307389031287983983e+01
9.533224127901661404e+00
7.896023687596368745e+00
1.457101765699151485e+01
4.614283511052707354e+01
5.810787899701267634e+00
2.043631172822060194e+00
2.963772178777536936e+01
3.488211867141323097e+01
6.988019080410197148e+00
2.154805143691656610e+01
2.830262309033570745e+01
1.814206209773689693e+01
2.908047633511905161e+01
4.790227170623012398e+00
1.357207198862811026e+01
1.987899521611171849e+01
2.479389580257546299e+01
1.678897581530424077e+01
4.295372881216319172e+01
2.786070459809911881e+01
5.564406327105700711e+00
4.843439643658527416e+00
1.672586237305651480e+00
4.684213551064217995e+00
4.726055097854555243e+00
3.218447793719931838e+00
2.364272883636004963e+00
4.956907027000454491e+00
5.160183397303839570e+00
5.650032093344762529e+00
1.855614018527860765e+01
2.019301481883641713e+01
3.980451810170048077e+01
3.132917263283559350e+01
5.657695205351643608e+00
3.709949330924919053e+01
3.933465772785249470e+01
3.999530622417339032e+00
1.178154441229690974e+01
3.394556221363345117e+00
1.430597030437606065e+01
5.249718346388220880e+00
2.206558323909305841e+00
6.405471019080209771e+00
1.184461494440512297e+01
3.988410017038646060e+00
9.321321579058022166e+00
5.156729712986930281e+00
4.788994646315728687e+00
4.201918246276576951e+00
1.704146559053778276e+01
2.487654235645550216e+00
1.550917613377167470e+01
1.163498551247569424e+01
1.595204573412033255e+00
5.276466057880298877e+00
8.515457521976699695e+00
4.029687644506552147e+00
1.448550443643979690e+01
4.598959941761137316e+00
1.002497184192667135e+01
2.402884787201429617e+01
1.945617780488673532e+01
4.065399127660867862e+00
4.288656907490647541e+00
7.030592665847436251e+00
2.935870071593020469e+01
3.294323425591969112e+00
2.037963987901193263e+01
1.598693615500809528e+01
3.044814420956100776e+00
3.035536560528939276e+00
2.688519685092992262e+01
4.708559473707339293e+00
1.519918223381907296e+01
6.420422880554127687e+00
2.071969007727602730e+01
4.738613597191545068e+00
5.677431410323535488e+00
2.558602085414544547e+01
7.718735591110061023e+00
3.138730460694340252e+01
4.953435057042483436e+00
5.969054049975781595e+00
1.267346783679940359e+00
4.620652635976227884e+00
2.403534458771773075e+00
1.806254655361364314e+01
6.876577621818739772e+00
3.166900252345641320e+00
4.351761281878903276e+01
7.347783518545284664e+00
5.317393462518424485e+00
1.764489652566197719e+01
2.012386987444020292e+01
4.185235224926093878e+01
1.256611317948969031e+01
1.374739819809423125e+01
5.165425316330328087e+00
5.771744636979008192e+00
1.326125935865792371e+01
1.648795815449460633e+01
1.102474319655235035e+01
3.474028667686653193e+00
1.440300254522844625e+01
4.875055424195934961e+00
1.082121315933964922e+01
5.733122761953794111e+00
1.978991940860133525e+01
3.661291692845652079e+01
3.332277816429510153e+00
5.872069257748975701e+00
5.857057177343577337e+00
7.874834201621226271e+00
7.833215757229808673e+00
1.638561483905058935e+01
5.504960223133807062e+00
1.302402154718549809e+01
9.486824986608965560e+00
6.372864567237684241e+00
1.985983918416297911e+01
4.141510741175139287e+00
2.942126187969662965e+00
3.432470420537453748e+01
1.825149836350266241e+01
2.911407468986433145e+01
9.621924902637800869e+00
7.386426961623314469e+00
2.689325794118762758e+01
4.507488426449043573e+00
1.292770336718514557e+01
5.451842960520693282e+00
3.542553803702458737e+01
1.384054552146783124e+01
4.487349318264378439e+00
5.146963335312747745e+00
3.567977042401665244e+00
3.275675294014192218e+00
5.205748477009699826e+01
9.868446076750714724e+00
6.602489654896416482e+00
5.685218034403519027e+00
1.350903922368181043e+01
5.206541466173746358e+00
9.653047808663302476e+00
1.205864805214959290e+01
3.279658648088627615e+00
8.478090638153389591e+00
5.780079427380087509e+00
6.876068368601607972e+00
5.074025466747286828e+00
6.897721322936192223e+00
6.022855360609398190e+00
1.459975299544939276e+01
3.307022125943771584e+01
6.609182611175342004e+00
4.645600469003213107e+00
4.105628244169082564e+00
3.897384530402370473e+01
1.721774966675053520e+01
1.156094759050787957e+01
1.783706610274091986e+01
3.950876109132963165e+00
2.777080085802977294e+01
7.299678882289981630e-01
2.886765630208061850e+01
5.722411603360015420e+00
1.237724495885214537e+01
3.699769089528899713e+00
1.603755940686977510e+01
1.155046560005089873e+01
3.596018431365209267e+00
2.261023601972317465e+01
4.256996713977727609e+00
9.588441338334035891e+00
7.314689162720128479e+00
3.687551449666145231e+00
4.030705502545984587e+00
5.704855724070426959e+00
3.994652614084122177e+01
1.758237841681452096e+01
7.143364624014893138e+00
7.189315513366011601e+00
3.532514558211685340e+01
6.519846422110830986e+00
1.247840922874644320e+01
5.109140942965112231e+00
1.986522708866196751e+01
1.258771883929584590e+01
3.612159215895106712e+01
2.642056976991028705e+00
1.312670674802185999e+01
1.536972702755355158e+01
8.578955057599046086e+00
4.175934133157142014e+00
3.124090070228859872e+00
1.603251540560134458e+01
5.963893299836087181e+00
7.248691337595559503e+00
4.942118990969362358e+00
4.582450971890324354e+00
1.838397465404923992e+00
4.601175940741669734e+01
3.391008052775832482e+01
1.925846283129396852e+01
4.242722315579133863e+01
2.496192533431377569e+01
3.274121883899042018e+00
3.574454191344574383e+01
6.457355613309815112e+00
2.315998298972466785e+01
3.369185210714272216e+01
3.427391130544506836e+00
6.047884072616568574e+00
6.785671364475518885e+00
1.202627381043733124e+01
7.702197653275433709e+00
9.160442724455549524e+00
1.135743698032933935e+01
3.243035468884180261e+01
8.315851798496495917e+00
1.466249393504918430e+01
2.611376758697726075e+01
2.786115499124265682e+01
4.546876664296909354e+01
3.362085508960774405e+00
3.739771157687584946e+00
4.040434714754447754e+01
2.067963768405041947e+01
4.893689653743621193e+00
2.173844637386963541e+00
3.413455929358789831e+00
1.938276369931533338e+01
5.406892285446716073e+00
2.971230545133953882e+01
3.717622358459678367e+00
4.510831621375231748e+00
4.234246050544371087e+00
2.866369410661818051e+00
5.797449005552465451e+00
5.048393680422449847e+00
1.886912681368107769e+01
4.864673551436382581e+00
4.815731464593440592e+00
3.190542399241017790e+01
5.669843438621782639e+00
4.236891577746234816e+00
7.126416716138848528e+00
1.665998327812431512e+01
2.681240783442277120e+00
7.283672512467404658e+00
1.026050716869058022e+01
1.515943390712803307e+01
4.418897266779538313e+00
1.013130326332000664e+01
6.341763258095269862e+00
2.299037182412146763e+01
2.184798266394381017e+00
4.796573451961478440e+00
1.658008356880284850e+01
5.383178563491071600e+00
1.493250289106009632e+01
6.893950211966938468e+00
3.686106180350824246e+01
6.966908971901005998e+00
3.732642422156924766e+01
7.144846092392441506e+00
4.115807327010415406e+00
3.477148684422425617e+01
5.360092808678260212e+00
1.672551561987731361e+01
8.185783921157451459e+00
7.949571299226121823e+00
9.880311429140817836e+00
1.185692877981026072e+00
1.175466644811346839e+01
4.124425450708630336e+01
4.584365916909504790e+00
6.586515335253864123e+00
9.861595534669092444e+00
3.487712932456986437e+00
3.820300155592050828e+00
5.467958937285416710e+00
5.523568946324374451e+00
1.667391177098144794e+01
3.600389517234489745e+00
3.499138312823973251e+00
1.492447885865277613e+01
8.975116798911315641e+00
4.138434282191100522e+01
8.992345520340151666e+00
3.717244872666291400e+01
3.064688452155280629e+00
4.332401966551245209e+00
2.092358158940604085e+01
6.345605657430311908e+00
4.181652713495849127e+01
8.255511718861910708e+00
2.853427426224868668e+00
6.443853741014748948e+00
3.210194481649324416e+00
2.987703741261412915e+00
3.775423342546942962e+01
6.489790690243808058e+00
1.843617029213586989e+01
3.926538678416235939e+00
2.283967465138459829e+00
6.122983804773710403e+00
7.852012546782191293e+00
4.493268399733736373e+00
9.957377843604135137e+00
5.446777462592720553e+00
4.733963328745105059e+00
2.098109591800678686e+01
1.495430918017689237e+01
8.012257706697837989e+00
4.278393431977335126e+00
6.256853494717205422e+00
2.236180575681842697e+00
6.948405378802533505e+00
2.450879617694542389e+01
8.793479489815425154e+00
3.057911364755463524e+01
3.580746998070507203e+01
4.855012625237337431e+01
1.285834326813393602e+01
2.878357892959883202e+00
3.047049958554341487e+01
1.473082272225366296e+01
3.858989609753407990e+00
3.043342000459887231e+00
2.803761654412724624e+00
7.503741641617097002e+00
1.491908989295849608e+01
1.304913210355421427e+01
4.446668970099580065e+00
6.162893301544073665e+00
3.319954285422085860e+01
5.819807222398992508e+00
1.801977435223089685e+01
4.302467908589903800e+00
3.824752276044904420e+00
1.449805453313307169e+01
2.326136667841144856e+01
4.493594284763830160e+00
3.495175293269568328e+00
1.864443641359356718e+01
2.721883837231181502e+01
3.438796562778918542e+00
3.191223462973383107e+00
4.227415335204213420e+00
2.003068608268861794e+01
3.636635420041088196e+00
4.223664067564564562e+01
3.231837630403404660e+00
1.921469522721322676e+01
1.237085255637126124e+00
7.907160280431554611e+00
1.806161255562481927e+01
5.017015528149528336e+00
2.448404599448721797e+00
6.367589186182456729e+00
7.990402712814116626e+00
3.293025146546253978e+01
5.108971942981867187e+00
4.288104537953311279e+01
4.058181939941296434e+01
1.480740791762383424e+01
8.087918130254450944e+00
1.097227541989482802e+01
1.170176153582268341e+01
1.547879179841146424e+00
3.560536373194707949e+00
3.964924532937274648e+01
1.343876978366724018e+01
3.899251456054088294e+00
6.491217549306185219e+00
4.265318320257222240e+00
2.015905048454770565e+01
7.058442357924107569e+00
1.376449600190241540e+01
1.680003446190569605e+01
2.869457928230204402e+00
2.605531025302094861e+01
2.286102848323518799e+01
5.497955844356923194e+00
4.369187430818044504e+00
7.138432180727278364e+00
9.914567276562891607e+00
3.009257352677900599e+01
2.961574537648851191e+01
3.323583164687107683e+00
1.051113705147338351e+01
4.712531572335095120e+00
2.346923892767910047e+01
1.094016239380755451e+01
1.780590852105369493e+01
1.116002316586789789e+01
3.712543603437481465e+00
1.560098186331022418e+01
3.697732634323244838e+00
2.692431021748958386e+01
4.044607553229198516e+00
1.480062394868602382e+01
2.823406820786730975e+01
8.357665961036261137e+00
5.445520146725343125e+00
4.471391603470067366e+00
7.985138914022684276e+00
4.027863331509621503e+00
4.177162745290999624e+00
3.789632367898562393e+01
1.141004193525246535e+01
2.818213116798288809e+01
2.752747046853187385e+00
1.083348389184857297e+01
9.995615089229062278e+00
1.623065408805427978e+01
1.788889697238927567e+01
3.603538832333070019e+01
1.649539717610787193e+01
1.813666471017485549e+01
1.356512352769070162e+01
2.409720645201177547e+01
4.133385172866823609e+00
6.295175158471252530e+00
1.816917638095340237e+01
4.746753743941695802e+00
6.350497418012508888e+00
3.094371748317215776e+01
7.419157699780797088e+00
4.130727231028544111e+00
2.416146190357710566e+01
1.916382744851570408e+01
8.250822087006000061e+00
3.985511789448949571e+00
1.928015125836209620e+01
2.422446925870600865e+01
4.276182369283646523e+01
6.580010902537793527e+00
2.544581652724862408e+01
4.236447491123597331e+01
2.318448773374905159e+01
2.100643451554384455e+01
2.806854386551194125e+00
3.820047072507918529e+00
2.320139260569121120e+00
2.291103986424815275e+01
7.265642196774606987e+00
4.775223425232923091e+00
1.147650546474180544e+01
8.298476929848789041e+00
1.348503105698365800e+01
2.997071791484657410e+01
2.444117788282423476e+01
1.657462568157656335e+01
1.367619165999541053e+01
4.397858268892079536e+00
1.123384527231235097e+01
4.242338260747487766e+00
7.154107358213167345e+00
5.868235793319712457e+00
1.313861142999802212e+01
1.548587889824595720e+01
1.168953781710639817e+01
3.475033382809834848e+01
1.763314660002608036e+01
3.906351193380572795e+00
2.299070659465191113e+01
2.291628632331821791e+00
3.467519399953344816e+01
6.595056512686753081e+00
1.437016119090030486e+01
1.324288704328580479e+00
3.765461974943448809e+00
3.250121392301224432e+00
5.750976797253983364e+00
8.055122059312950000e+00
4.123655056872436830e+00
1.745158965559818398e+01
3.634093593936441380e+00
4.503698696595449746e+00
2.244672708322025301e+01
5.881335127165698395e+00
2.863858930137809011e+00
7.373259492031081663e+00
2.143876645555833704e+01
7.225499255153607692e+00
1.218536211018610516e+01
4.033573972282127329e+00
4.022098115962364773e+00
6.943955761176383135e+00
1.614162510224218749e+01
1.232481487070246828e+01
1.568914617263290268e+01
4.057630146872114096e+00
1.137572928877325751e+01
5.255977243440369762e+00
1.690159913964484417e+01
3.791624996807856718e+01
5.816008833004659095e+00
9.358066042937551288e+00
3.158293800929340023e+01
6.974281172966485087e+00
7.109187642425993658e+00
3.695624810916442016e+00
1.337240861255723701e+01
4.418402614045425736e+01
3.485312632003271460e+00
1.912720437974900278e+01
1.803599848090945557e+01
3.343888319971995315e+01
4.922652699144009603e+00
1.526354851147966940e+01
2.028234664155534972e+01
5.572863409970366888e+00
6.681487787297868408e+00
3.015335643390322673e+01
2.566810192165969795e+01
4.582819468860506618e+00
3.520306246793623473e+00
7.398771853506744378e+00
4.937772451470536339e+00
5.512225469401158762e+00
2.808810329719776178e+00
2.034151006644394499e+01
3.992328118293796280e+01
1.314810173092804746e+01
1.053107035254248558e+01
5.737337688808509029e+00
3.821636573815169413e+00
4.110134644281131955e+00
1.272857384769258715e+01
4.201305970398644973e+01
3.386547618399467297e+01
5.280785790601939311e+00
1.463706319692123259e+01
1.085753851692086869e+01
1.772307332045943440e+01
3.860197682192435309e+00
4.215203178036958320e+00
1.519516590353251217e+01
1.783773116805417658e+01
5.429035818762031340e+00
4.973819673533157015e+00
3.635829808517385686e+00
7.635937311632545743e+00
8.681861433845469378e+00
3.630949152943912850e+00
1.807226911554411686e+01
1.703086433534365085e+01
4.304480984273311606e+00
4.597825503984415718e+01
3.613661744276487298e+01
4.009245877376997669e+00
3.078602016710135558e+00
1.158158069329978446e+01
5.390169855181710545e+00
3.135149860572216340e+01
6.688992459166044569e+00
5.450551741660191851e+00
5.155797299402223643e+00
3.049444353415475462e+01
2.362280489776973980e+01
5.086342017297170059e+00
1.507215386079872133e+01
1.776343401615206119e+01
3.783100093040250300e+01
2.180494745462902983e+01
2.723424852840594212e+00
3.820637893138723484e+00
4.345935359426317035e+01
6.217030263416347680e+00
4.484864384822103034e+00
3.993178700664203973e+01
2.269809175967637316e+00
5.307540256222409880e+00
4.426097831633569513e+00
2.554772550777258289e+00
5.231902321735260131e+01
1.202187741449122882e+00
3.656144241777610659e+00
4.614179245253126282e+00
6.447261646428785298e+00
4.549472609198009110e+01
5.287181283378899366e+00
6.251133236147538241e+00
2.358367203713598315e+01
1.298899529695182764e+01
9.086229013355051620e+00
4.585324112600858371e+00
2.598943245862541573e+01
4.944055708863302812e+00
2.309643767820476512e+01
5.316434905263392352e+00
5.683777868895830920e+00
8.539646619296718200e+00
1.103319492221213238e+01
9.405100177117461158e+00
2.462656862880966457e+01
5.494803078058012602e+00
3.257211988577168427e+00
8.510520122974369883e+00
3.407322062285302877e+00
1.276264744981207855e+01
2.703411325349667749e+01
1.425559893471043438e+01
4.549001150371282165e+00
6.584933468492607744e+00
2.973230196931866942e+01
3.315529290901977788e+00
1.543907653495972454e+01
4.459533545628602269e+00
3.119827506488493896e+01
4.882998421200568373e+00
3.904980537156876608e+01
5.855090117074027489e+00
7.290203736612994589e+00
3.915782006482487532e+00
1.646650020791582847e+01
2.999553665274717673e+00
2.934911904389466031e+00
5.735845561801951931e+00
2.705005963312586914e+00
1.284837361173973136e+01
2.307443506099282615e+01
1.525094122197914714e+01
3.074866716083249685e+00
1.603642758773769117e+01
3.609654890637715852e+01
1.839151344230658935e+01
1.788360739707100322e+01
4.993888393260846215e+00
5.758008364109784338e+00
6.350515444343812987e+00
3.852415087006490069e+01
2.237331475255786017e+00
2.602999356783371354e+00
3.791600026993307893e+00
7.487611104146594698e+00
4.507559799885385132e+00
8.806630625137657375e+00
1.143427748206178762e+01
1.534217259856085036e+01
2.582718129118021011e+00
4.521449624018757163e+00
3.551360261910913607e+01
4.979987683091124495e+00
2.985952848037086937e+00
9.434859542831176782e+00
4.327962467248227085e+00
5.254215563005161016e+00
5.160397317784401139e+00
8.759713329877769183e+00
2.064382622208279372e+01
6.499263833116685873e+00
4.167557355114297479e+00
2.299130271256643709e+01
1.153212352100665328e+01
5.709869794087609307e+00
1.739095807780232406e+01
9.377669317147066863e+00
7.774090423323698928e+00
6.402973343359676051e+00
6.378353782214958301e+00
6.043082759674646809e+00
1.908870303206086305e+01
1.426987940301287949e+01
6.646847012180217007e+00
4.112644043476933575e+00
1.735750289578511740e+01
1.435579936363438947e+01
7.203731233963438285e+00
3.154971080008305506e+01
4.843432548431565010e+00
4.663751139471287388e+00
6.885661743762568676e+00
4.100810195516359613e+00
4.097413036791337504e+00
5.630129373858181907e+00
3.364889459979701769e+01
4.023681006098996704e+00
2.051717691730469539e+01
9.418343067819336056e+00
4.852603120444712204e+00
2.476622485951749297e+01
2.174397723577101260e+00
1.278615279116051795e+01
1.231953878943518532e+01
7.139487255501691720e+00
2.446050143406068855e+01
6.545219268598017948e+00
1.250265627454807316e+01
1.189490598525026144e+01
4.160791964741491711e+00
4.555121714118115506e+00
1.892017295755213979e+01
2.823894170819883698e+00
2.784345668478899682e+01
1.134299444092084741e+01
3.356742710970507915e+00
3.542622739623737971e+00
4.551762179635261418e+00
8.294772084870942308e+00
2.659280787633412757e+01
6.994280717461620611e+00
6.628569530268293875e+00
7.821124827203931318e+00
6.153180132299382876e+00
4.268234794871412419e+01
4.583568149096941369e+01
5.997999181718256523e+00
9.461054583292096254e+00
9.007175008020340101e+00
5.040386358102622921e+00
3.786950062878588597e+00
1.057722645417504737e+01
4.033025908001931725e+00
1.706176820334438560e+01
6.112164447722690852e+00
3.713038553579796286e+01
1.807393341602720227e+01
6.502788195767834623e+00
1.242093180827036747e+01
3.282555130487749295e+01
2.693824224036340098e+01
1.000981469449401118e+01
5.259746634536739407e+00
1.719512311211575195e+01
3.815489768174285246e+01
1.418371298478193410e+01
1.600900678774485186e+01
5.647680014737431975e+00
5.083446276098968042e+00
7.762267564581492252e+00
1.025958788143246636e+01
1.843623250439571848e+01
5.127244709651009202e+00
5.376429414409656715e+00
1.662034701682949844e+01
7.421564989410796898e+00
2.769388714613293700e+01
4.243638161277274889e+00
1.895371743101226514e+01
2.166109909841337355e+01
1.044302578971264950e+01
5.290782652934865382e+00
1.670547717998474013e+01
7.683830509009567322e+00
1.933423579338776221e+01
3.905734843123497058e+00
2.179268633886744055e+01
9.876421135714238630e+00
3.475716657190990588e+01
9.950953338719386920e+00
9.282925686894742512e+00
8.294916917469251416e+00
3.897703260665225145e+01
3.520210557379229499e+00
4.825813282083473155e+00
6.649461232333464977e+00
1.885063794593432362e+01
1.266169955188952656e+01
8.207817377830892269e+00
5.276657547082180599e+00
5.073271944970755953e+00
5.918959206318916699e+00
7.533152122524626293e+00
4.016276309990018945e+00
1.473319599854144712e+01
3.953384393672877195e+00
1.865126137809347995e+01
2.646048751290098267e+01
7.616840179716547254e+00
3.146179531074841407e+01
5.915963328210878558e+00
1.902014397923142042e+01
5.064419137711979602e+00
1.243651752782801623e+01
1.671508906489084723e+01
5.374198908628045501e+00
1.418828435346931371e+01
8.104216894753591305e+00
3.426399924682274900e+01
2.441313701385156776e+01
2.162451330832709573e+00
4.159885486365183738e+00
8.038874988953779166e+00
1.917465919385185202e+01
2.596049362091960688e+00
1.204157781626621215e+01
2.021972426877729845e+01
3.963054547078712631e+00
3.650838850013244041e+00
4.424443055698034755e+00
8.604486361157199781e+00
3.727660029458304081e+01
7.609309512606586168e+00
4.102076594951469701e+00
5.502857367750053186e+00
2.144635826511712651e+01
1.532554606010086218e+01
9.250980452862890502e+00
1.142405989907744868e+01
3.557186708550702292e+00
1.214652035368959559e+01
4.858010877020027607e+01
9.247868096890570655e+00
1.855652898219183555e+01
4.643341783913697896e+00
5.579545381338988363e+00
1.235667588040011822e+01
2.474148967504228835e+01
5.336066116671275950e+00
1.490479017239623261e+01
2.835994302970807013e+01
3.198583027636686893e+00
1.765106332196276639e+01
3.857015834641970287e+00
5.941024250885547531e+00
3.098253297266774808e+01
1.643285917435535737e+01
4.939812115759607991e+00
2.017303323791128378e+01
5.414425765666436519e+00
3.469967291697117417e+01
4.358711595330589716e+00
4.680465070460329002e+00
2.539758461388227317e+01
2.505422559435196206e+01
7.678649053127301727e+00
4.196648747566001703e+00
3.996655563674252676e+00
2.314634277204520174e+01
4.038894400734100998e+01
7.126342420789200105e+00
1.573992186704656149e+01
3.552168325110645242e+01
1.671481477324708464e+01
5.643204594676731745e+00
8.465890318423419103e+00
6.745329077022390152e+00
1.838429309074847140e+01
5.081923531467126054e+00
1.130659652496365197e+01
9.171799309829566482e+00
2.743394527269828131e+00
2.252364918299335272e+00
7.881112949289104108e+00
3.860996216191423969e+00
1.685403461676187931e+00
1.360757611862464955e+01
8.487852387786958275e+00
3.743631842093488160e+01
9.152987521831548179e+00
3.343610107040272084e+01
1.764857513918148868e+01
1.730596652691727400e+01
8.271367492573716618e+00
4.273204517760675003e+00
6.397431610208911934e+00
1.224974633197406604e+01
4.189724471328545974e+00
1.784135565502157306e+01
3.505570504781306340e+01
3.086713230540081554e+01
9.982986040030880304e+00
9.433754048512824397e+00
6.596718275369866546e+00
1.070418787017511875e+01
2.589999547512604749e+00
1.183793302871323760e+01
2.566084823126861636e+01
1.737259179352720651e+01
4.401781520799730174e+00
1.305187083270837434e+00
2.854311404084845094e+01
6.753135366365100367e+00
3.711669305049517931e+01
1.452491443306968222e+00
5.295143260980950117e+00
2.514939646262210715e+01
2.823019402032471703e+00
4.737995951284744933e+00
1.486490276403054622e+01
5.809351763168962179e+00
1.696639269129289573e+01
1.790588389439058403e+01
4.660228329734295016e+00
3.019693148510683045e+00
2.945721397666858365e+00
1.674464406954076878e+01
1.568531457340390034e+01
7.816502390247848098e+00
7.183656692343788563e+00
1.651155023402812105e+01
1.509624804660613506e+01
2.362626351953369408e+01
2.265636000342219347e+01
3.976389569290091686e+00
2.064426034097552076e+01
4.009132234651630711e+00
2.208315377409982716e+01
1.819777830938856766e+01
3.560759778232508665e+00
1.746815302713032736e+01
2.058232303977885636e+01
1.304929873199995427e+01
3.335009298151206281e+00
5.879188147894168992e+00
4.014142107716744334e+01
1.795613039654003273e+01
1.668960900325453167e+01
3.549127680880701519e+00
1.322849647217267943e+00
1.948855068224874287e+01
7.446050255861422329e+00
6.793024881802963932e+00
4.072950671986802718e+00
1.618694560158819229e+01
6.745402482110165465e+00
4.570006202720747979e+00
2.705665919739583813e+01
1.577280572664416525e+01
1.849534662861337608e+01
1.024452118266405876e+01
3.665718756477885165e+01
2.673122760630968742e+01
2.314443544823211596e+01
1.751861475829801407e+01
3.318962880251908132e+01
3.476519673113358522e+00
8.064499739418934610e+00
4.294382032559610707e+00
6.675510065732524367e+00
2.668856770110050292e+01
1.614371440031889904e+01
5.431901533287870620e+00
4.208170721587492835e+00
5.042005255390719753e+00
2.028581118781531245e+00
2.178897276510259928e+01
2.266606075287933209e+01
3.669219773960181641e+01
4.644712496475051466e+00
2.064897200884914241e+01
1.834639261545656552e+01
7.455949029144477436e+00
4.637839016279386328e+00
3.152016095258910156e+01
4.955500714175229859e+00
5.054335100059120123e+00
8.250581644018339489e+00
8.199485106968282366e+00
7.498958186118557023e+00
4.960441708100958635e+00
1.463123246537853106e+01
5.121704788134493924e+00
3.398942129436093751e+00
1.536584838796885322e+01
3.608230214701507066e+00
1.022272321431550779e+01
1.802145570863734747e+01
1.129618638748551973e+01
3.501359652840713466e+01
4.829504431164295397e+00
3.171773121277468022e+00
2.069316135630529629e+01
2.556101435377517817e+01
3.449733575842810041e+01
2.486285412335223555e+01
6.974614937801987935e+00
3.325492736849864173e+01
4.787171782710061052e+01
3.367287589218705079e+00
4.023084700058589647e+00
5.686827980632486401e+00
1.301604084133205674e+01
3.423246254918751674e+01
9.892122478816517628e+00
8.941674977267979330e+00
1.405609588319180148e+00
3.107121704629301462e+01
4.719296846302341919e+00
1.784634483323691256e+01
1.505421616132147733e+01
4.635836105101887483e+00
6.449916397673419510e+00
3.060320831797846353e+01
1.473464815141291240e+01
4.599526736900585888e+01
1.390518805311525341e+01
2.437726592417860161e+00
5.382112278789392690e+00
3.489730074936616688e+01
2.470846161005901820e+01
1.707440803379913064e+01
1.272890426438900136e+01
4.375235686776250077e+00
1.023075315982227096e+01
2.227336528913100722e+01
4.020898812360485408e+00
2.572792637388047865e+00
1.829542635399853623e+01
4.337821182915845952e+00
4.509160070143181542e+00
3.790763549912895769e+00
1.935186383611680583e+01
4.990175810920646882e+00
2.305485430421839510e+00
3.078162881657549121e+01
6.940333359643290123e+00
4.274726477790437684e+00
2.572936395571167623e+01
2.526925042839039293e+00
1.023068758100916398e+01
2.196255284005604835e+01
6.054246844357109580e+00
5.090364889733450582e+00
2.648128470774082643e+00
5.869898495210293277e+00
4.586034105707270214e+00
4.304520502328765730e+01
4.118779462177030837e+00
3.725321705525146854e+00
2.145533644961258801e+01
2.904504412188444462e+00
5.799911552787733626e+00
3.777075324503542220e+00
4.924661855649731024e+00
7.317800158240473252e+00
1.786814201065699592e+01
4.972109909262002247e+00
3.664838464936281071e+00
2.689538703351192339e+01
3.431298427358924386e+01
6.658882334102045775e+00
3.995394856669449268e+00
9.970589177538002446e+00
2.371674566417065932e+01
1.589073539259996437e+01
3.798858355132807674e+00
2.317095415016964921e+00
1.642826671808221306e+01
3.923303205923949122e+01
5.895368815080587410e+00
4.087911827693531563e+00
1.981817218693622351e+01
4.096748674156799552e+00
1.641019940756879691e+01
2.138819246914880523e+01
1.788967438317546055e+01
6.688970380226919588e-01
4.590848792886268370e+01
1.031885140283718272e+01
1.695142825534271935e+01
3.332565242680161077e+00
8.714082386772105338e+00
1.279489192466881775e+01
2.480378525445146920e+00
2.053564432274086471e+00
1.100470046446176298e+01
4.860633828037705939e+00
5.820787624893199563e+00
4.526531376581701238e+00
1.826548419630239550e+01
1.961018718695170548e+01
4.566838712050001448e+01
6.162550569963400449e+00
2.716220605170576619e+00
4.298531532970628177e+00
1.205467854052102439e+01
3.982058861263370630e+01
2.174326178821502253e+00
3.790796180246717029e+01
4.190118794316916251e+00
2.657684733750420492e+01
6.484840766616699170e+00
5.283408669839772642e+00
3.440822909091238557e+00
9.628546961977946239e+00
2.136366345637854636e+01
4.295205161047036313e+00
5.874811596399055702e+00
5.800374230533577702e+00
6.832084600871539237e+00
1.526416580989895522e+01
3.908818513318891519e+00
3.176264932379936567e+00
5.665768101372378851e+00
3.706243082057582683e+00
2.516113444420290080e+01
2.986380964332892773e+01
1.796017147207888343e+01
6.472237054645546550e+00
2.935920565242283686e+01
4.847489893216589962e+00
8.133013554462849015e+00
4.253883205017692859e+01
5.150425340611747060e+00
5.471164298642392509e+00
2.665623496756318644e+01
2.393358508989025779e+01
1.787944848587802937e+01
2.944581823452144675e+01
3.665641635742204585e+00
1.088165903577306892e+01
5.057898343798569840e+00
1.497810011220761339e+01
6.912486238651254666e+00
4.813323765031839230e+00
7.963788366015123188e+00
5.952716109897153274e+00
1.821826027967853179e+01
9.794248559248089236e+00
1.258586048628214371e+01
2.561403693314177588e+01
5.708138324526672136e+00
1.789144392195291289e+01
2.770601825157186227e+00
7.687814434445115808e+00
4.409382421352816550e+00
4.274631589887377459e+00
