2.136680654184013690e+02
2.455104909134211368e+02
2.694002284103476086e+02
2.161129883344317761e+02
3.042140699734254667e+02
3.185575675962355717e+02
2.965219682566736310e+02
1.963400256855223347e+02
2.429430732184698911e+02
2.013352696547412961e+02
2.228479584510502320e+02
2.375944716771740843e+02
2.247228496657283472e+02
2.304197229168633783e+02
2.194999772708645196e+02
2.139589750654627665e+02
2.370195608249746613e+02
2.226541260944171086e+02
2.100984747020063708e+02
2.431800550741972984e+02
2.428322649500547072e+02
1.903030841593891296e+02
2.288814383725423625e+02
2.057735731627647056e+02
2.334001558845635600e+02
3.201693062059140402e+02
2.435404731294106000e+02
2.162239276224259470e+02
3.123597345106600756e+02
2.229506980700844281e+02
2.246989569174447183e+02
2.314084006226409826e+02
2.071815570636304642e+02
2.352175789783752293e+02
2.113751331969965008e+02
2.340174998984567196e+02
1.969869995737758757e+02
2.020409561138654340e+02
2.427977180550817593e+02
2.229381968420840394e+02
2.393028167033752140e+02
2.472355446832406756e+02
2.445176778620371181e+02
2.411853982019201794e+02
2.175260526075021517e+02
2.367159843680228164e+02
3.208144787214978351e+02
2.315481231666722692e+02
2.460911686806838929e+02
2.439497576582868419e+02
2.048157973366737110e+02
2.333426081414792748e+02
2.199712831181336696e+02
3.161894105253778662e+02
2.326099012820965868e+02
2.412309978643742454e+02
2.229546717596369660e+02
2.606639547612699062e+02
3.084149811449712502e+02
2.304569267851725272e+02
2.402705605388886170e+02
2.713835392849231880e+02
2.799699503728770082e+02
2.431892940305702098e+02
2.158622900400759477e+02
2.429971734312114791e+02
2.317591792159490467e+02
2.262972331571889129e+02
3.163921707480672012e+02
2.035428700791446204e+02
2.136351816748292549e+02
2.282565349127304160e+02
2.094140499336050141e+02
2.430627545137525090e+02
2.366017278653149845e+02
2.286894394894978859e+02
3.161422011077018510e+02
2.132295366309863880e+02
2.160607358327868042e+02
2.136884582297201689e+02
1.947738472725412180e+02
1.933038509246956096e+02
1.947402683203196148e+02
2.195322336415710538e+02
2.626371648340032721e+02
2.348625621688319995e+02
2.132478119879761778e+02
2.427541836810637506e+02
2.263572125962147652e+02
1.815517257393694024e+02
2.387408653439017030e+02
2.420972722791426008e+02
2.256607436567994398e+02
2.141560667607359392e+02
2.904302307782880916e+02
2.234874836393487669e+02
2.076072508426997842e+02
2.423436692088203017e+02
2.121336605277600142e+02
2.050302597062443510e+02
2.367793506743432204e+02
2.344489310763765673e+02
2.346108164247886805e+02
1.952452144889217038e+02
2.383129022560177930e+02
2.302012837190342509e+02
2.344974639540647843e+02
2.189836657054775628e+02
2.216364415031282817e+02
2.421582506894872040e+02
2.066005203027146706e+02
2.135774774531707862e+02
2.298423180445870457e+02
2.380066324154343249e+02
1.899926549008445420e+02
2.451522189422728673e+02
2.436388570755154319e+02
2.197426789117936323e+02
2.670703882134426976e+02
2.238459413402733276e+02
2.447475953169359570e+02
2.773086117057874844e+02
2.178833701497456161e+02
2.268596302901714523e+02
2.190748460258155035e+02
3.008718053438280435e+02
2.271208509713113131e+02
2.219144829313308662e+02
2.411280575957736119e+02
2.358875083476107761e+02
2.179115875101343818e+02
2.468275923507881657e+02
1.926629792434290493e+02
2.418922040483683986e+02
2.712708881427015513e+02
2.144464913293421091e+02
2.118701963479808228e+02
2.399848565589248892e+02
2.516205626814359277e+02
2.485614579805444180e+02
2.510454678712965517e+02
2.491676397503706255e+02
2.603503593097331645e+02
2.256160468237327734e+02
2.540064686334552562e+02
2.167121547603031502e+02
1.982754166027928022e+02
1.965898325322930305e+02
2.128274889693223599e+02
2.763389417992949575e+02
2.738643239245770928e+02
2.375575923405158392e+02
1.967465109427722325e+02
2.198149383117422531e+02
2.104062482038784196e+02
1.969721618960908245e+02
2.324321283566964382e+02
2.297148821661418197e+02
2.464732313704915327e+02
2.347602778271961199e+02
1.878564714562119207e+02
2.697604452014651315e+02
2.332579849198165221e+02
2.113252197386816533e+02
2.208559061469102858e+02
2.218951411899053028e+02
2.378789359521974234e+02
2.186963960809128764e+02
2.291329848705700556e+02
2.242499831017303222e+02
2.278483186475263551e+02
2.340152169786852028e+02
1.901184691188356624e+02
2.371612133084101117e+02
2.136549466138508819e+02
2.287908186953262657e+02
2.344895000966506871e+02
2.248447363772178562e+02
2.319206093768160315e+02
2.256967857698029434e+02
2.506761178208028014e+02
2.627937474331313297e+02
1.957525079154069658e+02
1.945639135630104875e+02
2.269311289828540907e+02
2.327411558518764991e+02
2.280529836268808879e+02
2.392743528520852294e+02
1.990964703620108480e+02
2.302110671495877057e+02
2.158910245106387720e+02
2.076080693080809567e+02
2.311280999446688611e+02
2.184134517562793860e+02
2.255298806226042529e+02
2.310005940986089286e+02
2.317231263747488867e+02
2.100210595950791799e+02
2.360384239502078003e+02
2.772476153258976979e+02
2.201443882377388661e+02
2.404087674988259664e+02
2.670580469886260744e+02
2.824212828374438686e+02
1.944753179980596656e+02
2.247869693943744096e+02
2.257447429574242506e+02
2.523990757073017335e+02
2.131465881004328935e+02
2.456897990611587375e+02
2.391829354124828626e+02
2.351235192714677851e+02
1.957099096054819540e+02
2.240803679755818507e+02
1.859960104433066590e+02
2.333777608074018985e+02
2.341421817065258608e+02
1.903986584381332250e+02
2.049740056174842096e+02
2.399191497556773811e+02
2.457175264033805888e+02
2.073555367013990463e+02
2.146112048259568894e+02
2.456680044351475090e+02
2.151911684775370759e+02
3.209193930294379697e+02
2.284360601135938111e+02
2.251722356136014582e+02
2.311562066861939684e+02
2.834249992231741544e+02
2.410706336488827617e+02
2.252616627772199820e+02
2.342350131077392632e+02
2.260485194825328108e+02
2.981081169629958367e+02
2.521884775203517961e+02
2.317417346151301558e+02
2.068770815409840225e+02
2.017841861409103785e+02
2.142779214382840962e+02
3.225064527865086461e+02
2.237775603065663006e+02
2.338650644600202497e+02
3.184949773560116455e+02
2.838756105343867375e+02
2.150391841646972182e+02
2.536107300292739524e+02
2.138424911840928644e+02
2.200635969296549490e+02
2.332592788622970659e+02
2.070031213161046253e+02
2.059629699003525616e+02
2.083450356293384402e+02
1.925611375026729775e+02
1.967637622529130113e+02
2.080108632333529783e+02
2.035107890748348041e+02
2.386013639878356685e+02
2.076924649083198915e+02
2.228602048794363100e+02
2.539949151669754883e+02
3.024403342436536377e+02
2.219225200834423788e+02
2.263253500243015139e+02
2.458535071560674510e+02
2.312080958690923467e+02
3.159855993511976635e+02
2.245221798532366506e+02
2.255365221949958254e+02
2.799394789465318922e+02
2.435795350483929838e+02
2.360517735659260836e+02
2.144389692550166728e+02
2.370586272082682058e+02
2.867361279156395995e+02
1.966526088485017567e+02
2.990393812261181097e+02
2.272932288591154588e+02
2.037869179672292717e+02
2.306398868612826618e+02
2.235033408228580356e+02
2.261553326489483879e+02
1.775499560529727887e+02
2.707431503161045612e+02
2.308618746563736863e+02
2.294114928333108594e+02
2.079704011064008284e+02
2.715131474626919044e+02
2.224197373312611887e+02
2.148626565954076000e+02
2.397988283171057446e+02
2.014606906335616827e+02
2.426876568143424038e+02
3.188616734075752674e+02
2.142299810632838444e+02
2.001803843360950168e+02
2.564819294006927066e+02
2.433599675819095864e+02
2.136564798780035801e+02
2.379827596503180303e+02
2.676181324295586137e+02
2.234830821479762903e+02
2.446114652232693629e+02
2.301315424421676994e+02
2.559246567244830430e+02
1.999067250516413310e+02
2.395772152703437428e+02
2.414020825044455876e+02
2.176925723717709502e+02
3.123078181483661524e+02
2.225621728103621138e+02
2.434376300967170152e+02
2.414804942953975342e+02
2.812030488189546418e+02
2.354391493190300366e+02
2.127261661701226103e+02
2.311136315947078970e+02
2.170706786426655412e+02
2.213113140343765508e+02
2.393132257454880687e+02
2.458701154863242095e+02
2.230235893023190101e+02
2.203511286492507111e+02
2.244775415945241264e+02
1.984792711978959687e+02
2.424095795736938044e+02
1.955119671655901072e+02
2.370200051805355201e+02
2.401496855188245263e+02
1.937071158155016803e+02
2.133464475525062767e+02
2.557119461160467040e+02
2.566488181204736065e+02
2.413454727979837742e+02
2.751928189878369722e+02
2.179983126237742113e+02
2.082668729693805858e+02
2.824128403831900300e+02
2.342757643979883255e+02
2.351163646195793717e+02
1.994436630226801697e+02
2.268477152547137621e+02
2.410124300985934269e+02
1.997648243469014915e+02
2.303535226548458752e+02
3.197209465902269585e+02
2.425208282570330596e+02
2.099012761651456458e+02
2.256452444572576042e+02
2.514079615215693764e+02
2.573394812864340793e+02
2.220694701137732068e+02
2.261595937523424027e+02
2.413816954085423845e+02
2.306822585657412503e+02
2.278978542861229073e+02
1.970678737866010124e+02
2.327484368093948888e+02
2.689365880382547402e+02
2.329498342391667620e+02
2.342897515198219196e+02
1.999156500315959306e+02
2.243328970764180212e+02
2.227653419324848301e+02
2.166578547986526360e+02
2.265346836133844306e+02
2.350886331157292659e+02
2.703562361786335941e+02
2.019915541900613789e+02
2.694194908344273358e+02
2.294899541872638338e+02
2.481736294975242174e+02
2.183837219381678096e+02
2.132395576660172196e+02
2.007783363334231694e+02
2.216192935319226365e+02
2.308548026204159953e+02
2.471814765634127866e+02
2.322399846219757080e+02
2.322464045616693795e+02
2.585081456340653858e+02
2.136284005349826032e+02
2.677908871280075687e+02
2.076214835402222434e+02
2.380667054802675864e+02
2.789619506164988820e+02
2.102445265451811736e+02
2.389127127066585103e+02
2.388318043612241581e+02
2.640240567709475954e+02
1.947041489733514936e+02
2.410984823327404456e+02
2.293371134666231796e+02
3.097869072047495251e+02
2.689349040858121498e+02
2.124371651714984921e+02
2.721185167777964580e+02
2.565712067326912802e+02
2.461128990150165237e+02
2.651347418877693372e+02
2.302925146074409781e+02
2.490674564073113118e+02
2.365652625131511684e+02
1.797954247781688650e+02
2.747590236823825194e+02
2.121839704518379506e+02
2.001234543389869600e+02
3.075445438587590843e+02
2.339339675512938754e+02
2.094657270062894554e+02
2.408216799436569318e+02
2.115333868072719383e+02
2.587288782641330727e+02
2.441253309722407607e+02
3.211098790292196554e+02
2.394304849824981716e+02
2.159177300623439351e+02
2.902500180466171287e+02
2.219212027233490403e+02
2.386131630697422281e+02
2.194494162685850824e+02
2.009690834382101912e+02
2.238980168449191410e+02
2.511360891070065122e+02
1.965157975604568605e+02
2.467091139115623264e+02
2.129604613144478265e+02
2.475809965583142116e+02
1.824818097681361451e+02
2.113099562059726964e+02
2.484697430354460437e+02
2.347659042259138005e+02
3.090126264372559035e+02
1.906967753032585620e+02
2.216014256316076398e+02
2.410730903308232200e+02
2.318341216099773590e+02
2.519716233259474620e+02
3.118810910677207175e+02
2.204246234073126516e+02
2.001514671515916461e+02
2.441194603511884509e+02
2.654562225826529129e+02
3.017380374956006790e+02
2.482180177530009360e+02
2.216889226286426151e+02
2.361314316741650998e+02
2.625627725631418343e+02
2.196538567036915879e+02
2.252711068700502608e+02
2.640017446309950628e+02
1.997608834325371276e+02
2.140536402819082014e+02
2.361533238971578044e+02
2.437299862492514535e+02
2.279463723171957952e+02
2.246642379523712236e+02
2.356917089829331076e+02
2.365444198835984366e+02
2.140163430539209344e+02
2.421318431376705576e+02
2.323445493061733487e+02
2.351708667688554328e+02
2.204939629009797954e+02
2.404581390112458905e+02
1.943912599746771264e+02
2.342068602801833777e+02
2.030781085286556333e+02
2.338898560382298228e+02
2.301092389396907265e+02
2.334904753807079771e+02
2.182590367783065233e+02
3.190038787714788668e+02
1.981103675391696299e+02
2.386690459466863672e+02
2.089750098352226360e+02
1.999532207412084688e+02
2.441835037677495848e+02
3.208878553890104399e+02
2.016329616100710496e+02
2.400634110686399083e+02
2.335207843387509570e+02
2.274068174801271311e+02
2.615225482825449035e+02
2.598010948797981428e+02
1.967180133210040935e+02
2.255448220657543175e+02
2.347156484007630297e+02
2.851003537987318168e+02
2.338773071628864670e+02
2.302896873123658281e+02
2.580394852982302041e+02
2.355160277298113556e+02
2.487263457740430965e+02
2.399214970790733901e+02
2.139692077780194950e+02
2.147171552718801024e+02
2.266601698765245487e+02
2.200781226717734000e+02
2.462684988769471488e+02
2.037264421286125184e+02
1.964741069114614618e+02
2.330671749142517228e+02
2.240847218142047268e+02
2.311031945577082070e+02
2.555902535661635966e+02
2.425761171750340850e+02
2.716039210178078633e+02
2.206000557854820840e+02
2.482327710227442026e+02
1.931325673005476347e+02
2.406770436014688244e+02
1.898183594408251622e+02
1.817104236952615111e+02
2.477735243761329116e+02
2.428724615409680041e+02
2.052073755076767725e+02
2.416518902715060335e+02
2.533962278588973618e+02
1.913101143197914666e+02
2.400331268612086717e+02
2.500411579092847489e+02
2.345989742553209965e+02
2.344684558798537921e+02
2.127747325374807872e+02
2.148399337977879497e+02
2.353446609078685015e+02
1.808722443637622064e+02
2.121178826116246512e+02
1.976569961865878895e+02
2.773397467314376854e+02
2.174966303116356414e+02
2.525103208873357516e+02
2.261963830175258749e+02
2.135516130545236138e+02
2.177459227323052460e+02
2.334698844384972460e+02
2.339180857977160599e+02
2.386091581305932436e+02
1.996815022652655784e+02
1.836551870774268025e+02
1.961058194360005018e+02
2.493557269198098538e+02
2.286343032437437728e+02
2.722525887668130622e+02
2.472859565530189343e+02
3.064993533454805856e+02
2.512149618421377966e+02
2.813028574928160310e+02
2.336449677486454561e+02
2.915729925182974398e+02
2.790986116098767411e+02
3.208274198400100659e+02
2.227348638738199895e+02
2.465308101902538453e+02
2.022776666313352507e+02
2.412147626415158470e+02
2.243095916650813706e+02
2.124657456034114205e+02
2.141046869141094930e+02
2.279276140867012543e+02
2.207587673850529200e+02
2.523287594789105981e+02
2.778844807973508750e+02
2.063044190701825755e+02
2.103967377444075453e+02
2.698644453904748275e+02
2.467404898187494666e+02
2.411629504612965604e+02
2.142490995115569206e+02
2.525397724065846603e+02
2.267852276969434229e+02
2.677958047524881522e+02
2.335413189367834264e+02
2.425864421383818410e+02
2.504818251567886307e+02
2.452408290695231585e+02
2.215553529344735466e+02
2.570740221541427104e+02
2.001350885374760082e+02
2.446240012486716182e+02
2.245130283652343337e+02
2.078779417515335695e+02
2.544270230811699207e+02
2.323854910642578204e+02
2.163717069471820196e+02
2.154317968825924083e+02
1.979408504980556245e+02
2.486400762256462258e+02
2.345275923411820997e+02
2.415054454667844084e+02
2.321891911894249176e+02
2.209985279934990672e+02
3.004425413670718399e+02
2.363420446973146056e+02
2.665637993759006008e+02
2.391823362517453120e+02
2.108796656425721210e+02
2.478810123482533641e+02
2.157137186728345455e+02
2.596856828923009175e+02
2.794723499190720304e+02
2.521976113782760933e+02
2.415802769195051383e+02
2.139074893615966744e+02
2.348070186467105600e+02
2.477373561260242809e+02
2.198156585211599179e+02
2.300556347244952349e+02
2.598287478917698650e+02
2.102497578086017427e+02
2.745277669858472223e+02
2.354802907995029670e+02
2.309802546267112859e+02
2.287247161496290460e+02
2.520227253623724550e+02
2.654452997319592669e+02
2.244201268735892825e+02
1.990620097403803470e+02
1.855464191649645329e+02
2.781640185235339686e+02
2.107608586177192365e+02
2.295705783395779633e+02
2.767786375409706352e+02
2.217395683569217226e+02
2.315051053575627407e+02
2.359940207432479724e+02
2.839671991848388188e+02
2.335549270377096889e+02
2.726651275843641997e+02
2.116679093931248303e+02
1.923141102597695635e+02
2.727803571959686337e+02
2.311324336277426426e+02
2.407456822962426486e+02
2.252347767910250127e+02
2.052861723916441861e+02
2.398299649807577225e+02
2.325288868811845191e+02
2.362620964857656531e+02
2.304940497034233999e+02
2.253237630681578594e+02
2.216815933512481536e+02
2.329703054830885094e+02
2.156688453172875199e+02
2.196816454704511727e+02
2.028943194973395521e+02
2.118963738743068461e+02
2.137525257034261870e+02
1.901990392466960884e+02
1.868615156290749724e+02
2.285995390105475735e+02
2.380264812720776035e+02
2.319729335471966465e+02
2.332229545655593199e+02
2.132147625545723599e+02
2.248803960855885862e+02
2.323118746278470894e+02
2.625684439341631560e+02
2.276078527347967224e+02
2.295731647776670741e+02
2.181527269379927816e+02
2.098131583536401195e+02
2.368744026640464995e+02
2.516196790637103504e+02
2.181869425060611150e+02
2.306761433681017763e+02
2.263710667808915673e+02
2.412028056853877445e+02
2.697320742109392882e+02
2.339345255767366041e+02
1.893820451091524717e+02
2.478715551625212470e+02
2.355634677131271815e+02
2.354757000150962654e+02
2.352878289728668619e+02
2.100042918577020714e+02
2.309560232307786691e+02
2.226976691869218996e+02
2.429839125559554702e+02
2.267324950729167767e+02
2.314247999611082491e+02
2.444030037167648004e+02
2.251071482299621493e+02
2.448827596877094663e+02
2.047985279187005574e+02
2.482915020698979447e+02
2.634959869377754558e+02
1.992584802577931669e+02
2.432657975105136074e+02
2.354042290135238034e+02
3.161158729287558913e+02
2.426375782103391430e+02
2.329869641425382554e+02
2.398643602330935494e+02
2.670262754144257542e+02
2.329711308703961379e+02
2.430426546772207530e+02
2.578431857649140966e+02
2.393525971894636939e+02
2.626002812757693619e+02
2.615568772124155998e+02
2.122143769584716324e+02
2.285566547410905969e+02
2.442113926723090174e+02
2.408295957669339487e+02
2.364182474289256675e+02
1.991851860362423849e+02
2.268639502709250735e+02
3.037738199890018791e+02
2.471782643128628365e+02
1.877651951415708140e+02
2.075813005047143065e+02
2.304098034392911813e+02
2.143309507620895147e+02
2.340910600304018203e+02
1.978271540073887991e+02
2.402007515915759654e+02
2.421051256841547001e+02
2.215918024335967402e+02
2.664546730310830753e+02
2.397490523321245632e+02
2.020794891843464143e+02
2.174200678848471000e+02
3.211789911764435601e+02
2.003233510878484367e+02
2.309261334117430806e+02
2.496827353257677373e+02
2.020844738312622155e+02
2.490634635723951078e+02
2.032415716838769697e+02
2.340474130505522510e+02
2.674675110495518311e+02
2.728763790794454849e+02
2.352220646171975602e+02
2.342508057635128580e+02
2.036189637175333473e+02
2.202326971218146809e+02
2.328224135572795888e+02
1.947792339825248007e+02
2.075382659059271759e+02
2.393668142328411648e+02
2.457154647679853952e+02
2.301767925933874324e+02
2.423898981539164197e+02
2.458152673343140009e+02
2.236785945922912902e+02
2.049885713201831265e+02
2.253494311944151889e+02
1.840156875454878218e+02
3.215053731090737870e+02
2.416474944924265742e+02
2.207011212321901041e+02
2.054619075287097587e+02
2.721942359510741198e+02
2.936846212428374656e+02
2.057593157057885094e+02
1.998901500789173440e+02
2.988284676742271131e+02
2.254726555733557234e+02
1.982147818575027998e+02
2.383752749126638832e+02
1.853947348916631199e+02
2.787324608865996538e+02
2.380828142845390403e+02
2.269833870593695337e+02
2.319748815877875359e+02
2.245009125852120917e+02
2.307795853491268758e+02
2.061597427887621166e+02
2.442020018696237855e+02
2.093401536334835953e+02
2.986035606252596040e+02
2.246584405571797447e+02
2.595622363889237931e+02
2.271113492637614968e+02
2.926041899174670675e+02
2.281192622003595716e+02
2.521827335419349652e+02
3.171145109121336532e+02
2.338779246695871450e+02
2.279852565630042989e+02
2.388510128872310361e+02
2.331090939081108502e+02
2.273763174956265232e+02
2.397970306808434771e+02
2.304924948553679087e+02
2.271786475693270688e+02
2.147869681116734455e+02
2.162380797517939470e+02
2.054592325342510435e+02
2.731126095244467820e+02
2.429147971831131372e+02
1.767369093667029460e+02
2.108078182406246981e+02
2.160728238801357008e+02
2.625059216478201733e+02
2.253342817509655731e+02
2.275820726457347405e+02
2.316604778694372158e+02
2.331553673935995619e+02
2.545079788344735903e+02
2.091760922928705781e+02
2.283431065049921926e+02
1.974788136537379728e+02
1.809912749087330894e+02
1.990928269244027433e+02
2.208011393820552257e+02
2.263953926709062330e+02
2.387234849966782235e+02
2.318228806495836807e+02
2.293228454282388213e+02
2.656034426883852575e+02
2.547058849347848764e+02
2.322712827074310553e+02
2.585375734625176278e+02
2.399988449211157899e+02
2.002513510350778461e+02
2.303815154052680327e+02
1.957712985523237990e+02
2.365408586483424074e+02
2.106168717652874420e+02
2.471287376933145197e+02
2.276894676914168372e+02
1.963392719088047045e+02
2.952049968162677942e+02
2.256436324728970249e+02
3.196853229693389835e+02
2.551891509280594619e+02
2.251691959358796566e+02
2.079547962056863071e+02
2.120999984097266235e+02
2.167925566273968911e+02
2.397441397746691223e+02
2.387027945617935245e+02
2.340996400002352402e+02
2.050963211618550304e+02
2.885156764459259762e+02
2.342497878041698129e+02
2.216942865655668697e+02
2.386992995527160417e+02
2.442625689490869547e+02
2.354573411086253714e+02
2.169318528190018469e+02
2.214554759287510137e+02
2.417286014290123433e+02
1.935831852806975633e+02
2.281719362954099211e+02
2.300004753481794637e+02
1.991294905946045617e+02
3.221834778277724354e+02
2.134051311823375556e+02
2.340514895260982371e+02
2.019661279597151236e+02
2.353402686477175223e+02
2.039730771681334431e+02
2.666381363941144400e+02
1.773693974494010490e+02
2.333314193595645349e+02
2.131844167155791183e+02
2.070354592034399275e+02
2.402919352276317397e+02
2.349827958491859761e+02
2.339634079520246530e+02
2.580203669299069134e+02
2.180186090553579277e+02
2.019872917258736038e+02
2.036396759972510608e+02
2.337796626003654126e+02
2.142662570664170971e+02
2.366368411765935207e+02
2.201233239810152327e+02
2.286709647192748776e+02
2.351829353390006077e+02
1.937183070044306419e+02
2.112606723824208643e+02
2.162062028429920701e+02
2.141244625151375089e+02
1.943611899670524394e+02
2.733288426142332810e+02
2.071985875255771816e+02
2.592039180597064387e+02
2.159087505558168800e+02
1.959410658280735902e+02
2.402345787123525724e+02
2.328049160502037012e+02
2.185951458751008829e+02
2.202803208157825452e+02
2.384486276247762930e+02
2.229443549636195030e+02
1.911072164091002037e+02
2.472845662165049134e+02
2.427374084345329948e+02
2.388227358087089840e+02
2.288855665431214561e+02
2.017585504802406149e+02
2.401842880546621757e+02
2.341541149742864718e+02
3.202159941111748367e+02
2.006071762953803841e+02
2.306386130962453649e+02
2.081883403455395865e+02
3.177500315678894935e+02
2.260560676844825707e+02
2.997075540943162082e+02
2.207221490710521437e+02
2.454715157772566840e+02
2.009113384282122183e+02
2.397590553765244010e+02
2.198797586245430296e+02
2.422026266533882222e+02
2.644968301469377820e+02
1.893689401574270903e+02
1.924319742793908290e+02
2.277430156977269462e+02
2.363495932945055245e+02
2.482779161980659524e+02
2.065460878764881727e+02
2.041255233267465030e+02
2.244825046179642527e+02
2.117062620412273759e+02
1.785819660367626796e+02
2.305617925729629576e+02
2.193933894177149853e+02
2.321853036217873978e+02
2.010362107992011715e+02
2.259669904421164404e+02
2.135633266343703269e+02
2.263443320117199562e+02
2.338863581905840761e+02
2.078639571708404787e+02
1.963301923634067521e+02
2.302723777988243228e+02
2.172163703594019069e+02
2.262320238740009870e+02
2.859878630485977737e+02
2.194326975398391255e+02
2.372326760908552501e+02
2.298628675179470520e+02
2.289168965116331833e+02
2.424777301385456383e+02
2.958439600035668491e+02
2.581030386889507895e+02
2.522020811763904362e+02
2.351976581953489074e+02
2.241211244286705266e+02
2.664036371131377905e+02
2.357577152390265667e+02
2.375732142451708171e+02
2.604114055817016151e+02
2.329650819004617404e+02
2.340632061067723271e+02
2.219444301537230615e+02
2.458608449666983518e+02
2.415028701649877689e+02
2.889081659214268711e+02
2.475046931862470956e+02
2.466749799694053138e+02
2.007602820579859042e+02
2.337176262406258900e+02
2.176151873110829911e+02
2.527336296927377077e+02
2.281347091528062947e+02
2.370225488807050453e+02
2.290710651667090474e+02
1.981893453530024658e+02
2.429701293599687233e+02
2.704253945835863533e+02
2.281688064624409549e+02
2.306173685956725308e+02
2.383749416073937368e+02
2.497990344718541564e+02
2.334843271422643625e+02
2.210392191572373690e+02
1.973602131615206758e+02
2.333739093778755489e+02
2.229014912738927876e+02
2.334090671592659589e+02
1.901056526060177987e+02
2.270886363332385258e+02
2.280981332244363671e+02
2.442733583985643691e+02
2.885587155319465182e+02
2.357081988430405204e+02
2.265465078423629848e+02
2.427611397171060048e+02
2.415883557645588553e+02
2.304402938719719600e+02
2.080977888604240320e+02
2.647101161152171471e+02
2.359010741862088025e+02
2.267704869776551391e+02
2.136891271250897546e+02
2.179411947278218236e+02
2.208487844277535999e+02
2.282609468966139730e+02
2.961976938227389837e+02
2.220073797449021527e+02
2.366293135007114188e+02
2.396701438034987177e+02
2.350769974265697897e+02
2.274211817767037758e+02
2.093427122982570836e+02
2.183339168235886518e+02
2.239245636866369011e+02
2.374410631616792102e+02
1.912709366165012170e+02
2.392733847507400640e+02
2.121977024427768583e+02
1.956424036606424579e+02
2.255561235016102444e+02
2.075288516566606063e+02
2.181262132655537016e+02
3.120216436743023110e+02
2.172793664036869359e+02
2.345805915617953019e+02
2.165246140355345119e+02
2.209025410717649720e+02
2.881529095280122874e+02
2.347394969003444203e+02
1.944473469407919026e+02
1.856674519725645496e+02
2.050505262712429726e+02
3.216201688957170859e+02
2.478423113470990984e+02
1.958320267842116209e+02
2.372164171197267990e+02
2.347586416579697755e+02
2.106196400197455034e+02
2.329715864831180738e+02
2.604219375080354553e+02
2.319631264734168212e+02
2.490066793308978674e+02
2.405239776376998293e+02
2.150019861447068763e+02
2.357370391891020063e+02
2.691917610591525545e+02
2.395941529456379158e+02
2.419415058782129506e+02
2.998275459444930675e+02
2.524916144856114215e+02
2.699884878164666020e+02
2.351365531140279472e+02
1.955861639331912158e+02
2.012503280995285877e+02
2.139417354625052781e+02
2.287280605032601102e+02
1.964013281344156781e+02
2.425230763568317229e+02
2.046015137491743019e+02
2.322750259814351352e+02
2.390906881705324167e+02
2.343159629321059469e+02
2.179885937996547796e+02
2.376316881938972188e+02
1.888039408015660001e+02
2.320148305697703108e+02
2.452286462639648619e+02
3.211527396190031709e+02
2.127882252392381872e+02
2.189114228987932904e+02
2.154972974584076155e+02
2.611971904808505656e+02
2.343259426535285286e+02
2.228486613377451704e+02
2.315057152262888280e+02
1.983527136291810962e+02
3.154740310038246207e+02
2.274592403311833095e+02
2.378363406675215685e+02
2.249425600839261676e+02
2.393577638363873064e+02
2.481501297153466794e+02
2.190250418987228898e+02
1.960009939795216951e+02
2.322135292191291853e+02
2.408409220061316489e+02
2.792164369947329305e+02
2.334528265095594008e+02
2.269013212158191095e+02
2.169194286871236272e+02
2.289617039441059205e+02
2.259738640515652150e+02
2.523541660215151410e+02
2.221723224283305740e+02
2.296440704977923986e+02
2.303208541591856715e+02
2.284127632425563945e+02
2.217217231919939024e+02
2.693106806334727708e+02
1.935635451260592959e+02
1.975131278719761667e+02
2.336327175565920129e+02
2.015963408168656770e+02
1.992708988744546161e+02
2.830854833597619518e+02
2.460508502088797229e+02
2.877992087025326100e+02
1.984354749083522620e+02
2.427791775832346275e+02
2.312732761196995739e+02
2.183146290325337873e+02
1.972697321210529253e+02
2.303782932451684360e+02
2.051140934694421674e+02
2.739880557240795156e+02
2.316126797910951041e+02
2.429507844595868846e+02
2.271559408169922278e+02
2.855829027699490439e+02
2.413896250771163636e+02
2.397898421064130048e+02
2.347698512807424720e+02
2.359702989972874434e+02
1.966076487526501069e+02
1.935846697214782353e+02
2.701854466887778585e+02
2.437136384632347870e+02
2.520488125194889619e+02
2.072905479421722248e+02
2.239949988509385435e+02
3.196209509279483427e+02
1.958541984113670367e+02
2.258421759627219103e+02
2.174182499261090129e+02
2.144852792861008766e+02
3.223737239836407866e+02
2.329546733570367110e+02
2.376593712172538915e+02
2.377068885245045635e+02
2.444921865017436460e+02
2.109785458514970742e+02
2.392163618397850939e+02
2.299403093095270663e+02
2.174915574238958982e+02
2.263170317764774211e+02
2.351669461790795879e+02
2.136855518755361345e+02
2.331408656143505596e+02
2.051157960325624003e+02
2.526661309319222255e+02
2.171067564736590896e+02
3.196887844690636484e+02
2.327267981602972498e+02
2.450961488059534190e+02
2.208809761838208203e+02
2.379789276891115435e+02
2.031278748883300409e+02
2.347831124270871612e+02
2.262436422371725087e+02
2.078345863700779148e+02
2.364534708711940993e+02
2.353880743418974077e+02
1.986093787852646244e+02
3.185184452486300870e+02
2.062375154091655247e+02
2.066292323238041604e+02
2.654979347509153627e+02
2.289785296929832157e+02
2.337634557236442561e+02
2.349523010435366643e+02
2.340340796493657365e+02
2.130507650095561871e+02
2.314431451843600485e+02
2.318400282679689326e+02
2.260319845526581162e+02
2.584606540007574722e+02
2.444822430820036914e+02
3.204983512387727842e+02
2.467032550447461290e+02
2.529200211523262283e+02
2.643496860419868995e+02
2.314548162929873456e+02
1.970648234022581846e+02
2.276980450319233000e+02
2.241192364192866080e+02
2.175489461998390937e+02
2.354894827495890013e+02
1.879935342219992549e+02
2.314287841783409476e+02
2.393514523298538847e+02
2.334308277834493595e+02
2.302399374338198470e+02
2.251808530832832389e+02
2.236156159464140956e+02
2.175677689288409624e+02
2.048565506074414486e+02
2.706859545780516214e+02
2.539223375290902709e+02
1.969232629752440573e+02
2.285312748597924326e+02
2.308993101648704567e+02
2.268456245272747935e+02
2.437548052194567845e+02
2.316993447684088778e+02
2.543143900148630223e+02
2.391046049629554773e+02
2.418942257908524880e+02
2.437235688290411417e+02
2.289732889487058003e+02
2.132712775149423123e+02
2.022042391134599484e+02
2.114614552682056399e+02
2.338412156222473754e+02
2.355088103378363940e+02
2.010625310952377163e+02
1.954427330419632654e+02
2.354734391860501432e+02
1.936390043184366050e+02
2.443070209011260090e+02
1.972072136922501500e+02
2.080588337577101186e+02
2.318067558259083967e+02
2.325816881862494085e+02
1.892422362828673954e+02
2.426197811026963223e+02
2.580363217708386401e+02
2.305158950636673012e+02
2.273796703200344496e+02
2.451536189291991832e+02
2.466657460075252004e+02
1.891116867755449391e+02
1.962990604630224141e+02
2.008737696777762665e+02
2.468346014712336114e+02
2.325213700065215221e+02
2.714632719876491365e+02
2.404281211474796862e+02
2.273731001818277946e+02
2.444637943042537813e+02
2.284171033610855659e+02
2.091312057789175469e+02
2.461441034597123121e+02
2.370610287650300450e+02
2.327260532343228192e+02
1.944693527411822060e+02
2.373417400661139141e+02
1.955484297532273104e+02
2.091369227316035619e+02
2.006475429363471221e+02
2.548153220344136116e+02
2.038958126681438046e+02
2.285637516295864202e+02
2.171215776989079700e+02
2.021324425534650686e+02
2.139493046964637415e+02
2.377498855444193850e+02
2.516258633238455502e+02
2.557621151248070817e+02
2.022652670789089200e+02
2.045856470063021106e+02
2.457003730779430839e+02
2.239394597944966847e+02
2.398237487573405815e+02
2.161284668763538548e+02
2.980958470553432562e+02
1.999754062690466299e+02
2.700831151009159612e+02
2.190620785605735250e+02
2.116323804557823109e+02
2.342702293751801790e+02
2.393836803401858901e+02
2.265938014324420919e+02
2.351194765449023123e+02
2.405607035310918036e+02
2.068789665910678082e+02
2.280211155646953500e+02
2.572085318342330424e+02
2.476979062649851642e+02
2.299003771998635557e+02
3.002213847257760335e+02
1.865699683118604639e+02
2.099611934899475614e+02
2.460092500338795389e+02
2.006335386167610295e+02
2.379504076073127976e+02
2.347325723289191899e+02
2.712009758073443209e+02
2.235140414805614171e+02
2.090219294372643049e+02
2.128986615695685884e+02
2.935036311555929274e+02
2.308560474906521449e+02
2.649680519666286500e+02
2.416625100902291763e+02
2.416326530089651214e+02
3.196502248474366752e+02
2.287941540858770679e+02
2.797055417030001649e+02
1.979949598781584541e+02
2.376077861523672823e+02
2.389779910268003391e+02
1.974741721115888140e+02
2.403236064574944919e+02
2.378689004754893404e+02
2.394950575906344170e+02
1.973653290916987544e+02
1.954703027629101939e+02
2.258941855045311513e+02
2.184718405026139578e+02
2.330858267151685368e+02
2.663148777771691584e+02
2.070675454230412242e+02
2.338293888648657344e+02
2.565891618299299353e+02
2.470880522391283307e+02
1.962528205390203766e+02
2.867264866856992285e+02
2.849699785959180076e+02
2.489153172018884561e+02
2.547149121853906308e+02
2.024332520447708816e+02
1.957139097943872343e+02
2.402245706644394545e+02
2.241370025308129357e+02
2.303593352823468763e+02
2.601704688459681734e+02
2.035877136920265116e+02
1.934653944167776558e+02
2.616992096326679871e+02
2.203752404094171879e+02
2.692214147329403318e+02
2.287382525983836672e+02
2.619737447896090998e+02
2.345080440658808243e+02
2.243763817468747561e+02
2.386298040000027072e+02
2.420928868370471321e+02
3.179305106275538151e+02
3.182855559885341563e+02
2.067798585345648235e+02
2.579305928922709086e+02
2.495159264565401145e+02
2.417839026683336670e+02
2.382535525743953144e+02
2.350604999148947627e+02
2.210079335526979492e+02
2.451650349562749511e+02
2.115402635339667654e+02
2.325092018329108328e+02
2.315810093840646005e+02
2.332802308306863779e+02
2.040857825398566092e+02
2.969341103454589756e+02
2.429798050337810196e+02
2.359297165865311001e+02
2.365565288417458873e+02
2.289863819447755304e+02
2.242422626320482095e+02
1.968540790067548869e+02
3.073575308762709710e+02
2.303607797942661080e+02
2.114461358284350467e+02
3.119100715893341658e+02
2.306436794817185216e+02
2.451131218724551388e+02
2.386147962761763779e+02
2.302938797847415344e+02
2.426454266741625645e+02
1.772942650715931450e+02
2.045787274156579088e+02
2.392411876075470332e+02
2.335288341157275340e+02
2.449595819179409091e+02
2.101169420305369897e+02
2.371773602514545018e+02
1.979423310270387333e+02
2.460872882733369522e+02
2.281731215923120999e+02
2.358853258969176068e+02
2.408452603875705336e+02
2.712502400622301479e+02
2.621435468867498457e+02
2.113092582573156619e+02
2.046012005434051275e+02
2.251835503149179374e+02
1.947233221932701781e+02
2.436637228847424694e+02
2.340476207335051129e+02
1.963626118530584677e+02
2.532268385407206210e+02
1.905334122321341397e+02
2.456779725432089094e+02
2.352693049737285946e+02
2.248766622666951207e+02
2.330055821797019462e+02
2.711488290923633713e+02
2.462175979779456725e+02
2.040814391190570234e+02
1.964475673555591300e+02
2.651540384149613487e+02
2.408251973790585225e+02
2.215515412855073407e+02
2.339529965120202348e+02
2.073276748380486083e+02
2.397271049393473277e+02
2.294926900177647440e+02
1.994775404350136796e+02
2.141375374362548314e+02
2.324555804491449464e+02
2.102916114456245680e+02
2.301600117277405104e+02
2.294923582262868251e+02
2.085112564775589021e+02
2.265663991461757973e+02
2.957297607791224436e+02
2.215179476758204373e+02
2.736448817610829565e+02
2.333597463519237181e+02
2.137642333451968852e+02
2.149365971956344765e+02
2.337415126758133681e+02
2.326956616054006872e+02
2.070097928658591684e+02
2.026939368350926998e+02
2.069466116582962059e+02
1.993010590727007525e+02
2.380395759347861144e+02
2.313765789417788881e+02
2.275813039783786849e+02
2.649388162830344413e+02
3.130498415163955315e+02
2.168710972526192222e+02
2.308172624532264763e+02
2.484881233731329075e+02
2.490513073503390729e+02
2.323246908770519781e+02
2.599975381215654124e+02
2.279826740373965777e+02
2.240283938431945501e+02
2.305824756812409930e+02
2.114567408412367797e+02
2.323891645484818582e+02
2.840373250013518600e+02
2.327913744237185938e+02
2.962579061871123258e+02
2.040007449589041926e+02
2.579003212350404510e+02
2.612983266828834985e+02
2.208236117779023573e+02
2.307343200733448327e+02
2.439459618427237046e+02
2.134098479829229120e+02
2.383725622215838484e+02
3.028269106817397187e+02
2.122841568340536469e+02
2.246477741229985554e+02
2.388785463814006391e+02
2.260146145461887670e+02
2.360274531709632981e+02
2.295364894629036030e+02
2.387486774248842778e+02
2.121513177046022349e+02
2.352274934729553877e+02
2.746462692806554742e+02
2.309697274962992992e+02
2.241855596335426526e+02
2.601190256154104077e+02
2.145677396525857716e+02
2.559900579971526611e+02
2.288090431185013642e+02
2.413132748940114141e+02
2.000450198848405989e+02
2.268421920332119726e+02
2.215843959494352760e+02
2.221106030692635898e+02
1.963825050165938819e+02
1.883610461906469027e+02
1.970506816438586384e+02
1.969846413621033321e+02
2.370681623097684110e+02
2.379607448855695111e+02
2.673200780615724170e+02
2.772826849684880131e+02
2.277380695254526586e+02
2.663480076579720048e+02
2.292416868521389119e+02
2.421130714052630992e+02
2.275783768136694789e+02
1.941693020421892015e+02
2.635578697528841872e+02
2.435262934026470703e+02
2.279049898161739520e+02
3.216624390816930941e+02
2.629018925925909684e+02
2.297753880050343867e+02
2.561983035943906657e+02
2.274557635643791684e+02
2.147351869738166954e+02
2.737522588698092250e+02
2.902555381277665560e+02
3.091702429081784089e+02
2.058783614469114696e+02
3.139291839403913400e+02
1.965949820135456321e+02
2.521466350001156798e+02
2.020445881490317106e+02
2.263452887095785115e+02
2.304812504454123427e+02
2.238232536850227348e+02
2.442897876210663242e+02
2.291808544217896895e+02
2.333108126036137833e+02
2.639236684264844826e+02
2.108224013254915121e+02
2.128644144181818945e+02
2.579778546965330293e+02
2.316616031582175879e+02
2.391632416557603165e+02
2.331950622806382398e+02
2.233292838630512449e+02
2.282965547016154630e+02
2.308253247440036375e+02
2.137914639344404861e+02
2.035550010125126050e+02
2.446021308291396963e+02
1.983814497799552896e+02
2.207657973576818620e+02
2.388766598379122286e+02
2.335161858640839796e+02
2.420095381113999906e+02
1.986093134657744201e+02
1.795290202743418604e+02
2.250069161697282709e+02
2.175569104957892819e+02
1.849488453542596460e+02
2.209428300069179727e+02
2.119231808847582101e+02
2.174900514573989199e+02
2.421149070024091543e+02
2.312614712025790027e+02
2.395174505278509400e+02
2.104397690859234444e+02
3.088786255074762153e+02
2.239797248567094528e+02
2.169127186283468234e+02
2.112946309784336165e+02
2.088510569070940335e+02
2.396484966898289599e+02
2.431313917870286332e+02
2.064796427586080938e+02
2.271060433543910904e+02
2.257986757645649618e+02
2.608059144620510779e+02
2.227563528627962910e+02
2.278411112905008338e+02
2.318551362890272571e+02
2.518632011124451822e+02
2.242361605207064486e+02
2.397041632523535100e+02
1.992915561698972624e+02
3.084285558825750968e+02
1.986226801295580913e+02
2.275471222225825443e+02
2.325467609194996044e+02
2.358963301834790514e+02
2.236221279332268068e+02
2.932327392947406111e+02
2.317023710936676082e+02
2.346942862493464759e+02
2.307909422570652396e+02
2.322140848094535954e+02
2.414756091881212114e+02
2.901225669314828792e+02
1.986562548817641698e+02
2.346294031062581098e+02
2.311897972975984885e+02
2.308383857568506983e+02
1.973510008130753590e+02
2.162661797150695691e+02
2.065180490893186516e+02
1.954197781547590012e+02
2.324867618706436758e+02
2.109306123621886968e+02
2.623348660254993092e+02
2.420110670835564122e+02
1.807320003209483730e+02
2.019319436064111812e+02
2.286361635924167217e+02
2.705276420894218177e+02
2.351192756985685151e+02
2.428534589538190289e+02
2.353226237379113286e+02
2.349730708224641660e+02
2.159959360294920430e+02
2.426576307363707201e+02
2.355476835669555840e+02
2.330255428473828374e+02
2.385304501084656010e+02
2.306204055829405775e+02
2.269062635606768197e+02
2.166746922349199451e+02
2.236689294506295482e+02
2.346024635561893206e+02
2.458033689146031975e+02
1.988923814114582171e+02
2.257582496757443380e+02
2.661829861346786856e+02
1.989847667926795225e+02
2.323789981186322109e+02
2.311184800047198280e+02
2.134040438361543863e+02
2.290489629421878703e+02
2.286597690970838528e+02
2.460832826114526313e+02
2.151757717848211655e+02
2.429468627628601780e+02
2.465961063166060967e+02
2.314465112559134354e+02
2.276322627635438494e+02
2.270032677616740671e+02
2.417784933024358622e+02
1.948051070051174349e+02
2.366078255126902832e+02
2.067112240323601497e+02
2.198797468058245101e+02
2.347566890066275960e+02
2.141225304502085578e+02
2.285172285355810118e+02
2.390049391632680056e+02
2.282823741767161323e+02
2.419796999754838112e+02
2.198937568913564746e+02
2.531073225729759599e+02
2.116287714940716569e+02
3.089805317938868825e+02
2.232494108331228517e+02
2.432621811267167686e+02
2.040810156945770188e+02
2.115617506089488131e+02
2.456100222556731012e+02
2.260727260878319100e+02
1.978573910032052936e+02
2.030055033115191350e+02
2.215352478049998695e+02
1.933001720932499552e+02
2.298048279948052084e+02
2.460038624422382441e+02
1.990560991716669150e+02
2.298643134730195925e+02
2.220643370875941116e+02
2.254243679317941087e+02
1.946311786863828104e+02
2.394788072065820757e+02
2.313471595973466890e+02
2.451304737769457915e+02
2.250595992609200948e+02
2.400282132547988851e+02
2.653592793188791461e+02
2.077098795385506094e+02
2.132938886604964068e+02
2.310033668714573878e+02
1.971821548035434830e+02
2.492510465439482630e+02
2.141897567374472828e+02
2.337092528451846363e+02
2.385644514030947789e+02
2.026923251883035277e+02
2.154361426522146985e+02
2.658439499494971301e+02
1.986101754166144815e+02
2.206124154117638341e+02
2.481654150780663031e+02
2.484467536039210529e+02
2.566769020401874286e+02
2.194522988893100148e+02
1.898987895251716509e+02
1.968795811157444575e+02
2.355400022558710020e+02
2.081398655628453298e+02
2.212288191405738758e+02
2.492769435238865867e+02
2.460232448816585702e+02
2.452925383225317830e+02
2.367103336043573449e+02
1.917528475338946805e+02
2.330597237913939352e+02
1.974657923536168482e+02
2.252401672077068895e+02
2.091056167514802269e+02
2.366088969764920193e+02
2.367934477142159153e+02
2.765243969477623978e+02
2.389322847863808192e+02
2.104579718336048302e+02
3.209455364028900703e+02
2.955418686860884350e+02
2.226416921265820577e+02
2.553235009856184661e+02
2.344696590776855203e+02
2.122802879866221133e+02
2.128203224434928416e+02
2.311004498374963418e+02
3.015282132899284306e+02
2.478881198976087035e+02
1.952793920106777819e+02
2.192619500872113179e+02
2.569314336033492054e+02
2.132292449223186281e+02
2.410319155317474440e+02
2.600729805765085985e+02
1.967105030670514907e+02
2.427096355513321555e+02
3.163506083132817821e+02
2.111965476785085229e+02
2.602180374111169385e+02
2.478385568262077641e+02
2.198131965962334675e+02
2.032171322248233309e+02
2.140648954391063796e+02
2.115068967817776411e+02
2.181925579149612986e+02
2.334735593207538784e+02
2.111772068009031216e+02
2.344420677418783328e+02
2.249908322699679104e+02
2.415021593333106011e+02
1.985944928898854016e+02
2.629172669505577460e+02
2.790760034572161885e+02
2.484145227297246663e+02
2.318950697816635227e+02
2.229150171058481362e+02
2.166545848698972350e+02
2.015616005348555859e+02
2.380558050468447107e+02
2.191452421610228782e+02
2.227659587168463418e+02
2.160174257944327962e+02
2.148611725869182010e+02
2.294591835062455800e+02
2.467085168328387113e+02
2.399227891629145404e+02
2.286961944648930967e+02
2.597673631072610760e+02
2.216929652000036697e+02
2.353725612449561595e+02
2.219022433664322875e+02
2.131565930531048707e+02
2.312871246852225227e+02
2.726870502563165246e+02
2.408136122048543086e+02
2.460612085599977945e+02
2.328084964881778944e+02
2.028714302315021314e+02
2.277586556441218590e+02
2.368970528229273214e+02
2.462134066129783037e+02
2.516093800664754667e+02
2.086855953504967260e+02
2.253915921362004724e+02
2.403301968106837876e+02
2.040652009392510990e+02
2.353089560306773649e+02
2.265119384028101308e+02
2.311795892826775969e+02
2.294151373269171472e+02
2.309407256198204266e+02
2.419838097589869790e+02
2.204557547947945295e+02
1.983622391076169720e+02
2.249407693073828796e+02
1.978336878000405932e+02
2.292842390843448754e+02
2.254463669742799254e+02
2.368222698428201625e+02
2.415037348101313910e+02
3.209271582334747563e+02
2.370830630959978862e+02
2.378667404577881257e+02
1.962415854673243416e+02
2.742915040550783488e+02
2.447840886181492124e+02
2.325052834723919091e+02
1.993586798645060867e+02
2.183794627225553029e+02
2.021158408748552233e+02
1.867224104638393101e+02
2.344237241710079331e+02
2.447070237363656133e+02
2.311971078221945959e+02
2.105032894292861556e+02
2.316044851754789988e+02
2.228633410505873940e+02
2.346089454335977109e+02
2.028658066292316562e+02
2.156421740627286852e+02
2.481759979804736531e+02
2.187885502412125618e+02
2.423626761509800076e+02
2.279719237435002697e+02
3.208791769476952140e+02
2.333578836057821491e+02
2.146872918096677267e+02
2.370287868152809665e+02
2.096321003174913358e+02
1.949591152752353764e+02
1.901455788349380782e+02
2.285297614932478609e+02
1.989243986437385843e+02
2.788134498410961442e+02
2.304789543412730950e+02
2.300449121283377849e+02
2.500175562956444537e+02
2.551824852604253806e+02
2.067594053549471482e+02
1.961536528115098292e+02
3.054289519781380022e+02
2.124295157657170705e+02
2.224684757361561935e+02
2.278380411897536533e+02
1.994302586302396776e+02
2.532092815157006953e+02
2.053810922115496851e+02
2.107734117622930228e+02
2.648353737635754896e+02
2.338652198367166193e+02
2.331904638828747807e+02
2.425000124658224081e+02
1.986967216917026349e+02
2.326636948179049966e+02
2.381353594948245984e+02
2.297860431140465778e+02
2.200601444783590068e+02
2.451935457193438310e+02
2.329412220445142339e+02
1.747793275447970700e+02
2.278050047770258288e+02
2.448083117854695558e+02
2.425867069686207742e+02
2.233949362156551217e+02
2.199912683875172945e+02
2.085455212045913811e+02
2.369663873736150776e+02
2.316841953296153633e+02
1.918842144762059547e+02
2.469931544964813952e+02
2.169156339814557271e+02
2.476265206959110401e+02
2.355254046882799059e+02
2.195070524342098679e+02
2.714377783429833926e+02
2.311589659360116968e+02
2.331164914963854642e+02
2.144845891338069919e+02
2.394412502446260760e+02
1.989846515865984884e+02
2.630086160605065970e+02
2.339614758690721601e+02
3.158454497791055360e+02
2.666984226430333820e+02
2.909739728864867629e+02
2.382419058948464681e+02
2.220802552641175112e+02
2.349560720714312652e+02
2.458226816911742389e+02
2.077418903414343845e+02
2.275909799446505417e+02
2.328993828093839511e+02
2.070784908131651036e+02
1.929104082749075246e+02
2.300092703527589606e+02
2.134689118047868419e+02
2.532539855307823018e+02
2.337791510660535153e+02
2.315084192474956808e+02
2.340605475007431266e+02
2.295893265289890905e+02
2.211015131674463419e+02
2.956182990682698346e+02
2.200550541123687651e+02
2.263366165872547526e+02
2.095963800777892345e+02
2.261448115602496785e+02
2.121348797841587555e+02
2.380803154373061830e+02
2.338496882961784991e+02
2.461954999338755954e+02
2.159627277640008742e+02
2.451006708147856727e+02
2.259774515919991984e+02
2.329005775868396881e+02
2.435783336248757394e+02
2.287004528237584680e+02
2.325809967315912843e+02
2.134674612498539830e+02
2.156996625947425628e+02
2.298997735935150502e+02
2.276178049635647369e+02
2.082382985475492774e+02
2.419760777906720364e+02
2.368024736567024320e+02
2.812269283777181954e+02
2.381066396291492424e+02
2.440993113440276545e+02
2.115261791633608368e+02
2.283870130298250558e+02
2.406360996434906383e+02
2.272551967645044328e+02
2.385301532224327730e+02
2.281076877206654387e+02
2.186580680679346926e+02
2.550665250536144413e+02
2.263548111412931405e+02
2.095332291040773782e+02
2.458099905544428339e+02
2.399137012078171551e+02
2.116868755209296751e+02
2.122094880915210524e+02
2.511602308582622243e+02
2.529947193142630226e+02
2.161823367639229332e+02
2.282057469291411849e+02
2.715348324115265655e+02
1.972461815964901746e+02
2.321741093370123394e+02
2.381770289766730855e+02
2.214357697109675485e+02
2.082245144080180523e+02
2.523965194012646407e+02
2.404435333052804822e+02
3.142465225452673963e+02
2.303436345541614969e+02
2.350088111678456642e+02
3.013857697577304862e+02
3.123412370736612047e+02
2.038248180952946882e+02
2.434386222030869646e+02
2.346531513142606400e+02
2.351555670729272833e+02
2.019434338143972241e+02
2.112430862807592291e+02
1.965430313350757956e+02
1.878948485636549890e+02
2.333531397410748980e+02
2.211251112836954462e+02
2.363441830425817329e+02
2.523135844241557493e+02
2.413209451064840323e+02
2.058609977045323092e+02
2.146064894499694162e+02
2.343704465567727766e+02
2.400187049729078979e+02
2.583835058213183515e+02
1.996422406589698539e+02
2.465746310690496443e+02
2.416971791730393306e+02
2.088948552781276362e+02
2.379820709394469986e+02
2.386663781883700608e+02
2.351579094840183473e+02
2.298512176511599137e+02
2.417988616427426791e+02
2.216903607685158022e+02
3.154310433369373641e+02
2.386558615420267415e+02
2.437008897324684540e+02
2.456674453348818759e+02
2.312054689912955610e+02
2.349549443455399569e+02
2.374847985206770034e+02
2.428774995145037394e+02
2.314887559313312693e+02
2.119705524712270517e+02
2.299424316514010229e+02
2.350583846424792966e+02
2.149667851797300671e+02
2.292714059689695603e+02
2.197529331358018112e+02
2.647873267064866241e+02
2.341500880721575868e+02
2.421991350984287124e+02
2.423262253088150260e+02
2.096615743602606017e+02
2.321808290095823111e+02
3.217583478461604045e+02
2.181955935358428746e+02
2.051264389261323515e+02
1.971680092358824368e+02
3.134380275284136701e+02
2.528914073038048969e+02
2.050480883753612886e+02
2.610926624558718459e+02
2.587301418679697917e+02
2.320860843066746213e+02
2.368854293777568500e+02
2.204963395527360603e+02
2.861408781918272553e+02
2.542255741920743048e+02
2.494976444518831613e+02
2.373887010736360708e+02
2.254231268447303194e+02
2.130416824806038676e+02
2.275904672260278687e+02
2.389866033130657570e+02
2.322715240478813712e+02
2.403415292237607446e+02
2.440716696528719183e+02
2.109501131416319879e+02
2.436357202125253139e+02
2.240481704261768527e+02
2.382279888729378285e+02
2.245541210253546183e+02
2.050845081144009328e+02
2.220606908276309923e+02
2.873177867390095344e+02
1.815487235535815955e+02
2.055185472816312426e+02
2.477172804998275524e+02
1.808229592584778516e+02
2.489566910761286920e+02
2.245368718963566153e+02
2.027742909900145492e+02
2.290826801123344580e+02
2.109785247673355002e+02
2.295227512949017523e+02
2.212273966794937223e+02
2.131803089433299760e+02
2.404213900873856460e+02
2.162864486056280668e+02
2.359729261104071725e+02
3.207012443198854044e+02
2.071428158590442763e+02
2.420311599207321365e+02
2.231587541985356893e+02
2.064225584244360050e+02
2.323277573155190225e+02
2.434517094139604296e+02
2.012473461853319918e+02
2.690755318288547642e+02
2.376638616285724197e+02
2.332073273550641659e+02
2.044097951054309874e+02
2.360467411429090419e+02
2.478870866084921829e+02
2.727501583271086361e+02
2.882349732337651176e+02
2.237454224932600368e+02
2.094962254488393967e+02
2.445953104720052522e+02
2.572873484465015395e+02
2.642341956208891816e+02
2.223147776814211909e+02
2.125915981161950299e+02
2.478969727840388089e+02
2.343314665502214780e+02
2.274309781211324832e+02
2.407597803291794776e+02
1.942216382324239987e+02
2.023253807915226048e+02
1.865695950286453808e+02
1.934194137778557661e+02
2.345485004698961404e+02
2.031222635862063726e+02
2.023733707833148969e+02
2.440225478013209681e+02
2.182774394641166111e+02
2.356257874165405042e+02
2.337502345215930006e+02
2.414735417469041181e+02
2.233287997623520482e+02
3.165031549805004261e+02
2.185680154816100185e+02
2.075366301714027486e+02
3.179746879572264788e+02
2.467569848326043598e+02
2.323977891313663235e+02
2.019772905648642336e+02
2.287219597085005489e+02
2.689850828590152787e+02
2.685818708401565118e+02
2.099189441051985341e+02
3.089781466318534058e+02
2.056129365348781164e+02
2.130692445468216931e+02
3.074065066379689597e+02
2.510758744105219193e+02
2.486430660951939160e+02
2.041140031730732005e+02
2.287861041855022108e+02
2.550752634819675961e+02
2.377168702406852390e+02
3.099713987251731737e+02
2.349671582805218577e+02
2.019723073640606970e+02
2.218711786325941091e+02
2.205899220487297043e+02
2.299394549357058963e+02
2.262684622963795391e+02
2.327441930374274932e+02
2.346595090990343238e+02
2.252409834927767349e+02
2.061007933594669339e+02
2.568350050851147444e+02
2.361134343800956685e+02
2.412429092194371378e+02
2.184484454519970882e+02
2.910837383630514523e+02
2.443518028853756050e+02
3.119333624873479494e+02
2.297629818236449353e+02
2.188092329352103320e+02
2.380187373568755902e+02
1.959215124522353619e+02
2.404463216379496373e+02
2.121130156109478548e+02
2.205344602879129070e+02
2.797628370014870143e+02
2.229421340137710388e+02
2.201321534540282414e+02
2.353559259795614480e+02
2.023358476597310869e+02
2.583417324579686465e+02
2.366348919438883343e+02
2.326409221337544579e+02
2.005336844275478825e+02
2.330332075574074508e+02
2.667131028318071913e+02
2.321878969067193452e+02
2.128785246471824735e+02
2.050706238937167427e+02
2.455691325384916581e+02
2.794303785255249863e+02
2.348130995110964818e+02
2.482042442256024231e+02
2.932141778000991508e+02
2.747663857125387494e+02
2.203026520325826141e+02
2.397819785702943136e+02
2.380260731033980051e+02
2.003971273382890672e+02
2.308784483604240734e+02
3.095872430446432872e+02
2.212145629514006941e+02
1.991435878160240804e+02
2.483941963124028121e+02
1.946366548836610946e+02
2.257715509403092256e+02
2.341134857173084924e+02
2.622832199214697084e+02
2.095073153458860986e+02
2.340733534828083293e+02
2.107761260647648953e+02
1.953594928476740620e+02
1.980616379698520575e+02
2.149515683482763393e+02
2.370097927483368494e+02
2.415970019222091878e+02
2.676177667109446361e+02
2.450949916491563272e+02
2.223257181053494378e+02
2.718132744773808440e+02
2.278874292457770139e+02
2.140329973655696278e+02
2.405257148788998052e+02
2.194577064794152648e+02
2.788106613102130495e+02
2.065162471595656370e+02
2.301172184194691113e+02
2.297356779995698162e+02
2.472662180520315474e+02
2.320855195579324004e+02
2.178283128739091126e+02
2.409631115273367925e+02
2.327707803706397272e+02
2.164226751430274192e+02
2.416002321980366503e+02
2.101506994241750590e+02
2.464643439979293476e+02
3.211659535521819748e+02
2.413820362630490877e+02
2.288903648298165194e+02
2.349286971611709589e+02
2.584900108009150017e+02
2.360184879441173962e+02
1.888295707293254964e+02
1.995121202614870128e+02
2.429663651885166757e+02
2.340677523325243783e+02
2.385175387918552872e+02
2.470723652000970674e+02
2.077714910835341016e+02
2.523969315345647146e+02
2.113281975665632331e+02
2.398111445653266856e+02
2.486679461715390858e+02
2.166582923499728111e+02
2.335341591330276003e+02
2.191564605171365372e+02
2.426799336821438544e+02
2.346699238337867257e+02
2.328171494733061024e+02
2.608181300588004774e+02
2.249035670920913503e+02
3.223120832380782872e+02
2.235856871444621561e+02
2.431067572973333881e+02
3.049877839317300072e+02
2.470501349017893347e+02
2.440245012337520620e+02
2.337129636067445517e+02
2.116324638223958914e+02
2.083818343196502951e+02
1.894296903512855010e+02
2.280267857714753745e+02
2.334469975322821256e+02
2.354103240164942576e+02
2.294676041697589426e+02
2.361999359791540201e+02
2.246272627861537785e+02
2.443762608323445420e+02
2.344161099385908074e+02
2.264687724482779458e+02
2.226653026718580577e+02
3.134061436158531251e+02
2.069559802722108088e+02
2.236823688847324263e+02
2.362812900054246938e+02
2.467711738591821700e+02
2.565472832176837414e+02
2.672856780813203841e+02
2.001523731928651273e+02
2.479691913509106485e+02
2.236584656976598922e+02
2.342904690080642922e+02
2.162715159757490540e+02
2.045583579379877506e+02
2.321478080004019944e+02
2.271970713050828579e+02
2.364883893038551719e+02
2.339097008485659899e+02
2.596380137577613141e+02
2.396857114175802508e+02
2.284562282666822171e+02
3.194413732896667284e+02
2.349619634091582725e+02
2.014544152457046948e+02
2.098588245127631069e+02
3.010138191841050457e+02
1.987745211391287796e+02
2.314407072511594379e+02
2.386719240859905540e+02
2.126660229037810836e+02
2.568302190095420201e+02
2.135188057228629077e+02
2.898718634932959617e+02
2.021608472949715178e+02
2.205618222867851159e+02
2.274041544977815192e+02
2.482416798383050889e+02
2.432628145150565047e+02
2.173218835644782416e+02
1.868644152874761630e+02
2.331470198407809278e+02
2.346427913825956466e+02
2.567823791794543808e+02
2.521757683584950769e+02
2.269748332640514832e+02
2.292256294661822267e+02
1.927933504789976382e+02
1.997437710868589704e+02
1.969974007242269636e+02
1.966316027414638370e+02
2.475249022641655188e+02
2.210895678274297325e+02
2.135248760650690087e+02
2.342363689020152719e+02
2.151210803456872895e+02
2.484161540279437190e+02
2.617356061362431205e+02
1.992359998015163001e+02
2.012319891892640271e+02
2.278472727238754487e+02
2.368775659463303498e+02
2.339609992368219480e+02
3.190563621378403241e+02
2.388459718235252183e+02
2.382493965353487795e+02
2.129150832060066136e+02
2.478882690772273349e+02
2.180078752663570754e+02
2.022540630805727915e+02
2.586107568309193994e+02
2.186057425481056953e+02
2.508364434904263760e+02
2.110251787443440037e+02
1.954644196626573489e+02
1.954776182335778003e+02
2.110007569235051506e+02
2.395894074845305113e+02
2.312238882865535459e+02
2.736341128119069026e+02
2.055689786058292157e+02
2.283994223107750940e+02
2.350455571716984196e+02
1.949397567011393448e+02
3.149194529240155589e+02
2.262971802232283949e+02
2.263546770916768196e+02
2.097701300499718968e+02
2.529561500343080525e+02
2.339854851852923048e+02
2.065966807942200489e+02
2.359425323332389723e+02
2.358221237374027339e+02
1.968160799184417726e+02
2.780115445812577946e+02
2.619679686123835154e+02
2.314910238336301234e+02
2.334808701991263717e+02
2.561471559672121430e+02
1.969754680716774828e+02
2.232429161220345293e+02
2.203556019439406555e+02
2.177021829036570750e+02
2.476119497778072116e+02
2.104919028286473122e+02
2.264303525307838640e+02
2.296849069195518211e+02
3.094099995958814588e+02
3.176641177487464347e+02
2.240060858870039624e+02
2.617374735762500677e+02
2.659622080873019172e+02
2.772024117270314605e+02
3.036591724764019773e+02
2.447602224487624767e+02
2.352784292082187108e+02
2.966978598129304601e+02
2.022808569803448222e+02
2.331362270589631294e+02
2.402223771723534753e+02
2.503970214112344763e+02
2.412512736039838046e+02
2.236551083108840317e+02
2.304975465922971694e+02
2.414777226101604128e+02
2.184624176041496355e+02
2.173348441038000942e+02
2.221936951365781852e+02
2.463666213046900282e+02
2.102627540934555270e+02
2.371157600639425027e+02
2.253584120546307759e+02
2.291938501635058856e+02
2.346934329111371653e+02
2.156356844324783708e+02
2.141132548722715399e+02
2.185874435982668160e+02
2.313316952789319316e+02
2.002750014205237790e+02
2.382262320533225193e+02
2.640767320599828736e+02
2.563223601158534848e+02
2.068289190604140231e+02
2.289210572569608075e+02
2.342901435087541984e+02
2.666712439437060311e+02
2.302355783988151074e+02
2.266160292592707606e+02
2.326283050123856242e+02
2.291458803852439132e+02
2.228580248016911867e+02
2.216951472970352199e+02
2.365105811679292174e+02
2.319270519971716169e+02
2.137243571889041789e+02
2.245073587727715392e+02
2.309427021532015942e+02
2.387914037904301665e+02
2.207250610294075841e+02
2.460533047335508741e+02
2.421263810244537069e+02
2.603071952041511281e+02
2.869752426469121360e+02
2.752911581691816991e+02
1.938748650593907428e+02
2.605072938443810813e+02
1.997130288485824963e+02
2.147627268161892857e+02
3.118987875916760117e+02
1.840464127687796179e+02
2.260209542993357559e+02
1.809057714922140860e+02
2.543281777907041601e+02
2.169834330224678069e+02
2.195775110725641071e+02
1.921330230269629737e+02
2.446842613936190105e+02
2.404839641725264414e+02
2.215747234716909588e+02
2.429262343267080837e+02
2.994564546094598541e+02
2.274403167459768156e+02
3.190375615697547005e+02
3.200131733856890150e+02
2.321834091901148440e+02
2.222805616862836473e+02
2.016190503878557081e+02
2.230177932394406639e+02
2.312305651931961279e+02
2.308807048053087385e+02
2.305595277956187772e+02
1.982021210998992160e+02
3.129746613768535326e+02
2.410199453712138222e+02
2.217398563761422849e+02
2.353804624773969181e+02
1.958403049220696630e+02
2.337781220401711550e+02
2.428729256188336194e+02
2.140758933192459494e+02
3.174237927970000896e+02
2.468642137634178653e+02
2.759485563211849239e+02
2.323858102377716932e+02
2.175086272604506803e+02
2.122639002275009545e+02
1.933716711226261395e+02
2.384204459584640290e+02
3.074461366636464845e+02
2.320404013404277066e+02
2.216906562597253583e+02
1.964407971480402750e+02
2.167320846934800045e+02
2.704820204601094247e+02
1.835367531350647710e+02
2.113843607408414869e+02
2.310067128112322621e+02
2.265215249135853242e+02
2.199760709760869304e+02
2.967356881186689179e+02
2.348755790734264792e+02
2.280762022759807905e+02
2.064853681389789699e+02
2.442108670138745765e+02
3.218907014026635238e+02
2.020645354059154215e+02
2.127615712927307641e+02
2.668998720155626074e+02
2.406880224777547141e+02
2.005324808855848460e+02
2.318497473748339530e+02
2.255204491945492009e+02
2.541459260437068224e+02
2.723068559953464387e+02
2.067651255759896287e+02
2.244874045331334287e+02
3.171552491424560571e+02
2.110275318302975620e+02
2.363479531735322325e+02
2.694045405131024040e+02
2.667228445232020704e+02
2.164094073018902691e+02
2.159729972838174774e+02
1.938705896745184987e+02
2.294737388147231059e+02
2.283404758476789596e+02
2.360843480761978128e+02
2.289441729395904872e+02
2.183671427343041387e+02
2.883335673487544000e+02
2.366007720819586098e+02
2.294847360841928605e+02
3.110187047510219713e+02
2.286387189398947157e+02
2.282817606314148975e+02
2.012909937206109703e+02
1.992759855007012106e+02
1.799964405799140081e+02
2.309218280027704395e+02
2.326126533330953805e+02
2.132548805036021236e+02
2.295617240898636169e+02
1.915317960439118679e+02
2.372264334193762352e+02
3.201501797952172410e+02
2.283110648956177329e+02
2.476363404841831652e+02
2.996065227888257709e+02
3.019854206723565540e+02
1.957444667179175042e+02
2.208322501722080915e+02
2.293105341999603866e+02
2.010357950563453642e+02
2.219350807891935631e+02
2.362897840274120824e+02
2.566935512449890666e+02
2.258059055054376643e+02
2.167364825843454810e+02
2.469737848327565075e+02
2.327250229367955399e+02
2.657840833039930999e+02
2.570759658303647370e+02
2.609871066570931930e+02
2.247864447069517269e+02
2.308273597490192230e+02
2.120436100659148337e+02
3.211471650795493815e+02
2.586318201427917529e+02
2.160782852945937407e+02
2.571557858646326054e+02
2.718684869210268289e+02
2.045611517638147632e+02
2.432535077007136692e+02
2.322988983475087252e+02
2.586434106769548293e+02
2.334843740638929717e+02
2.169615220316202340e+02
2.326551338560431077e+02
2.315314151576226038e+02
1.821566591515111213e+02
2.226586746110652371e+02
2.330812685681254663e+02
2.175165454136529775e+02
2.307077732957913838e+02
2.481921799373635054e+02
2.264198448808122919e+02
2.054712848626977006e+02
2.228726471389547896e+02
2.280689692915483704e+02
2.319270113713286889e+02
2.463160195895537186e+02
2.164523804885508582e+02
2.302290639124555582e+02
2.325150874769030338e+02
3.237797614593736171e+02
1.832543864549216437e+02
1.969341026428491546e+02
2.168155003762016690e+02
2.697968017456447001e+02
2.236290429689370569e+02
2.163893858207316043e+02
2.401833515959976921e+02
2.313512595824352616e+02
2.296637239904607668e+02
3.218836224554884211e+02
2.105417680390588373e+02
2.090250484255746244e+02
2.304169317018192658e+02
1.906533970482978191e+02
2.038923457458150779e+02
2.359008093641072605e+02
2.331075492235793831e+02
1.950020164717510056e+02
2.076032990307299428e+02
2.391421497345721718e+02
2.391514942296806794e+02
1.915359078339562870e+02
2.298047692870121921e+02
2.304474066542221635e+02
2.293585262339939277e+02
2.637723428033486357e+02
3.108392642768735641e+02
2.609702822508669442e+02
2.575768972631568658e+02
