107.494655916241
107.526858817429
107.784368212368
107.509444734083
107.467839634944
106.987374724823
106.812157422950
107.060630369842
107.310969016021
107.740080439023
107.868159404438
107.763181335593
107.661449505719
107.732497443784
107.538813036432
107.421862773936
107.242460740081
107.169456852462
107.066707556674
107.062400576733
107.028123510273
106.994501305622
107.400909994712
107.586243223632
107.774084587218
107.785749092309
107.870587232666
107.801636617081
107.637208829688
107.704977285448
107.819115100595
109.206765602583
108.939328015335
108.374458263718
108.086204105446
107.846664887354
107.584981691732
107.378604148408
107.202081920979
107.095786620555
107.050905109426
107.288947704255
107.277267102323
107.589585231155
107.636876051130
107.605087809985
107.801993636662
107.730583580230
107.658301726938
107.803821873907
107.818107695093
108.149969032852
109.694658151550
109.721169989771
109.540922656620
109.197913853855
108.788401876174
108.510132022842
108.037643497430
107.891755300813
107.758454769193
107.482674648143
107.411437902051
107.398912225520
107.645306297146
107.672105396019
107.557292009324
107.573047209454
107.749779611726
107.780942003051
107.973432329064
107.877032681736
108.052601308530
108.177912720991
108.476035730361
107.412460494669
108.157515456440
108.506273641157
109.316007978848
109.540172662464
110.013337506247
110.131737234106
110.165519904057
109.900916566821
109.198973773503
108.938524947767
108.637570116513
108.513160814045
108.323883379806
108.005230940295
107.816535193898
107.802208289329
107.765151628045
107.690342943757
107.726322858471
107.765330356374
108.016129554509
108.129403131626
108.316100465654
108.264716447975
108.558789388729
108.666585748606
109.369908263096
118.196240447780
121.606518751556
117.916228107415
117.756812752817
112.467959078291
112.610192728414
109.524395231126
107.165432908924
107.260507691554
107.933565136794
108.241433830169
109.037380633091
109.269247126204
110.055825228104
110.269962346061
110.251772601075
110.154038371002
110.004711121253
109.596709501567
109.110634191041
109.029618925193
108.579404353533
108.429296329096
108.206987934036
108.189114217894
108.133025659668
108.085953872186
108.163658327343
108.142046066408
108.387605806453
108.475107566393
108.760374031971
108.795191056168
109.471188696062
109.723329617401
111.021592219120
111.434662008905
112.587846661376
113.477162002876
114.260719815721
114.741839600288
115.035217880212
115.060221485244
115.256029816727
115.236777161416
117.360522060647
117.630014888718
119.327073177133
119.040799394334
118.159384737134
118.681729500056
114.442138094909
115.469959315016
111.026859689740
111.657138990594
109.917766882620
106.852759069067
106.883094503248
107.234056517169
107.263899005593
107.921060527887
108.066420452879
108.736885002035
108.977296096362
109.729984720134
109.908821069356
110.617043195906
110.783550202861
110.748127427811
110.502210163754
109.742723701152
109.634944577496
109.086538767764
108.988856229856
108.725305928280
108.664431616434
108.590582115922
108.547343322524
108.476230497589
108.480323845366
108.826910650073
108.851008653995
109.205516891917
109.264516472252
110.238915256022
110.511071485970
111.234007410239
111.385751679418
111.883734334523
111.966656040306
112.638007371152
112.699687039796
113.355704134184
113.438376385753
114.326472884275
114.206028449266
115.087004775625
115.079137672234
116.043449306622
115.967209349439
117.153625133845
116.763241753886
117.745220925059
117.563276694027
116.603816715508
117.049494293812
114.448973371255
115.528202281936
112.078268811190
112.898184324807
110.248881992681
110.531958459400
109.756041432916
106.851740727108
107.059179595952
107.029540881473
107.625760532192
107.641906875808
108.045548286838
108.051131381120
108.529788908841
108.636935732452
109.170508480123
109.309739161898
110.127362166178
110.402078657740
110.392431417183
110.357243548577
110.082932549302
109.973628653330
109.455117148662
109.407809723694
109.233405081836
109.197177504366
108.916568999555
108.877722033636
108.909527934256
108.891290553079
109.024381302607
109.022043346584
109.312353051480
109.361544085641
110.105190821539
110.177417411439
110.728659693601
110.766579855802
111.316329394284
111.383568395267
111.419534013990
111.434427279373
111.437593298421
111.396918268409
112.625022894029
112.617210466903
113.460750041097
113.355125516323
113.697332524802
113.621067511494
114.067020139635
113.983924720017
114.308553388722
114.157403282114
115.148183650851
114.942459998186
115.923117481416
115.711702274540
115.408841443924
115.775754160440
113.494047198631
113.889353826461
113.000226173250
112.804656506120
117.569976698569
118.529864257697
122.924039924684
106.866556789440
106.784725302338
107.383907496198
107.366773167143
107.895995545008
107.912007490635
108.297662435626
108.286180317512
108.596445414415
108.604443765849
108.833411801819
108.937803995153
109.480923343779
109.582338362343
109.877695298063
109.946242233964
109.832637943064
109.775761579498
109.559539464257
109.484143583873
109.130772167325
109.118437928214
109.212038989947
109.172927668531
109.084977849186
109.080321529311
109.117481147495
109.100190998518
109.430832921957
109.432263119099
109.839675418714
109.897306166072
110.463039295710
110.502684387492
110.546596130560
110.540879575423
110.194806452256
110.174528944070
110.356793975225
110.369478262519
110.558772231427
110.553921687138
110.807363706231
110.773341754839
111.259241194776
111.199193792579
111.447038726668
111.413566439768
111.700425651872
111.705896544451
111.685128569653
111.677994219933
112.137030095144
112.171119625315
112.818152592747
112.878806040747
113.808089236083
113.497876880249
116.095121149012
116.532635755902
120.835787753017
122.357256671400
121.593326323530
118.174217685128
120.161285443979
117.742580946665
115.851251201776
106.773832172478
107.093218155007
107.055629583603
107.302055337436
107.306581203168
107.671137947507
107.746973806209
108.082440082205
108.175893199452
108.370262573470
108.338662069509
108.565984543055
108.652969187590
108.923493908904
109.000911042717
109.389121334863
109.435060611171
109.624522192864
109.617009899499
109.258319152946
109.168264328062
109.062010130478
109.050549745394
108.858458416721
108.815032694784
108.730617925156
108.726410730983
109.008326183412
109.028593792879
109.310558004124
109.291682840629
109.619403254674
109.673509806485
109.901186583721
109.954836138120
110.177067618350
110.130750375033
109.942130664697
109.863720064558
109.499750219020
109.504368793127
109.497924454513
109.490864492052
109.566758405837
109.560460066060
109.635713117782
109.629529600445
110.157097237570
110.172826220216
110.909039288112
110.939547015825
111.508664470172
111.376887400894
111.683480814774
111.446885179733
112.716663884937
112.697144526979
113.920884911433
114.528574417138
117.448814147138
118.647882588577
120.651052124092
122.698104708449
123.967542803732
123.828501290233
121.599170000616
119.520587413460
115.090681118277
106.449380395158
106.546320736593
106.790913226034
106.843540545069
107.049255402047
107.127341898544
107.387600609541
107.446254029713
107.797222181228
107.903032513921
108.070491434167
108.067515306603
108.154593604951
108.159295189689
108.354898612411
108.464599924839
108.925770873492
108.983754328290
109.088126136945
109.137287062688
109.174413284243
109.141217553789
109.084090389237
109.018077785459
108.661351351222
108.635830596102
108.652677785700
108.637421183054
108.953891500525
108.957511718107
109.063393359167
109.082872263966
109.182304889278
109.073270724011
109.148786586821
109.292813590671
109.798889494282
109.861184876623
109.691673810117
109.589092386548
109.127284607600
109.098348729448
109.058774748384
109.023552063292
108.826905791426
108.816388752217
108.940421909680
108.964406679857
109.618444818864
109.693475792953
110.691865956158
110.892417342913
112.173240789744
111.856432088468
112.346300774123
112.536975438481
113.394158193009
113.410613624046
114.948269468125
116.102964576412
117.558358773435
118.635382719655
120.909828826562
122.982648658736
122.943180451917
124.097515924649
120.700098776212
119.117117109329
119.998903011623
106.594587317806
106.627766463530
106.659345785793
106.846059890128
106.921395260585
107.171324804704
107.235615718388
107.466022400213
107.584061037685
107.774691842812
107.815983347859
107.851977278040
107.790580306855
107.967983519406
108.113282187253
108.294138938646
108.344002011802
108.637504626182
108.657219435205
108.834986671060
108.822384605914
108.642412641470
108.469252671315
108.173541838335
108.150067853171
108.348126226348
108.379843345514
108.505180225335
108.467128624020
108.804638291393
108.792797601576
108.467894850508
108.236814936550
108.183125418320
108.301637920977
108.532415721524
108.789879951026
108.945393907094
108.870375110151
108.778597746041
108.759434708387
108.550895638072
108.519515415709
108.522212564544
108.385074153524
108.454398602562
108.553361791709
109.286751470710
109.406834347269
110.742952284593
111.421819990256
111.855063504046
112.045652203253
112.829699724372
113.278301042870
113.702979544147
114.361532279261
115.868680103281
116.831959869214
118.800297734510
119.491718226946
120.012202089739
120.960050841293
121.899453464063
122.608122787854
122.839165667861
123.125589405679
127.222121233717
106.479826137663
106.495678309832
106.546344589706
106.788044812257
106.840226656146
106.949447879982
107.004282197040
107.196185981596
107.291750912913
107.500576403517
107.567657751940
107.526214095703
107.483541189700
107.567316278601
107.615203782652
107.909947857228
107.969921754915
108.341624154253
108.251121025455
108.289280098178
108.298476607835
108.057374686652
107.869776342748
107.676895637191
107.788389541293
108.084588534403
108.144235733786
108.704622379697
108.527785434020
108.555589099135
108.360859359405
107.832909663703
107.775818854583
107.528398336175
107.544948565704
107.884698283307
108.147007244572
108.258317186650
108.311382368884
108.307128273948
108.238126718128
108.418001304997
108.383799775797
108.405438934468
108.106163150401
108.213443965035
108.513383304149
109.138738676156
109.586229771434
110.493546566479
110.896786047389
111.224813247548
111.760760064493
111.955638898374
112.380632425164
113.009164371686
113.879967986008
116.461595937984
117.550270693719
119.831149800615
119.562261015517
119.481919369478
119.793257457717
120.979182659780
120.661562721499
123.759112258687
124.651744547263
128.132031535079
106.374676779401
106.486371939531
106.578295933108
106.814740299645
106.759867433312
106.829833581217
106.857036599910
106.952564898931
107.095961711724
107.230260018732
107.286011775100
107.367617341684
107.305034165924
107.483568238759
107.517578822252
108.029483046905
108.060629982084
108.300117863444
108.012882890256
107.851835158666
107.815094917568
107.427161832140
107.264964917906
107.506848796296
107.502084060547
107.951883120866
108.263551908327
108.222550782263
108.375303918130
107.857665037214
107.777462898164
107.470563104327
107.394556075957
107.402677678070
107.387495392721
107.479077056736
107.670474995261
107.942108793197
107.983784384226
108.172756418934
108.167522714610
108.240002465070
108.429332690684
108.479230936142
108.139819990732
108.258858658812
108.404501768733
108.958132251847
109.519119041583
109.484329042282
110.098338537668
110.680146634708
110.946534538204
110.530601109791
110.728939691329
111.877951089562
112.338023480568
115.411749441098
116.947109013072
119.563552063145
117.953027391039
117.604705794986
118.427913338150
123.508818876755
121.016573241708
124.952860116462
124.076595728281
126.016967760960
106.375105455767
106.695368285431
106.708110996144
106.769737859394
106.708226709837
106.660908394804
106.679842788336
106.751880407667
106.910655743913
107.138854657528
107.199725120136
107.363961774606
107.326788664262
107.795450716836
107.834891786044
108.271780540732
108.266731675267
108.017560262562
107.834585587579
107.551958414602
107.426946491797
107.547854593489
107.454356883196
107.659527409227
107.733586609270
107.693135814756
107.950319679603
107.812747410945
107.744215624446
107.492800644617
107.384281276820
107.297914611639
107.268323871198
107.220789779681
107.157709841208
107.410117077600
107.549474507000
107.643939379199
107.849636725395
107.759869619132
107.867364691056
108.097808224523
108.446420004221
108.593762419232
108.396909153440
108.504865918990
108.571127786227
108.434529025491
108.501333964337
108.862050769496
109.443549908450
109.479021899202
109.444304711087
109.812926665813
110.032009957146
111.928735297692
111.857694379650
116.088061059109
117.552908502833
120.731628113721
115.457676161001
122.443887995890
121.296382255787
125.313821288099
122.934793585177
126.807040129800
123.768605656510
106.283884936479
106.539949837835
106.606174906778
106.702414020578
106.628970383241
106.620771367552
106.655871912794
106.605024684995
106.765600331918
106.929292212675
107.263047090522
107.255135937833
107.623823306062
107.666486357307
108.046453158436
108.161256894388
108.182112270218
108.020546273820
107.632407620986
107.555087239192
107.557098985314
107.557775566368
107.683050923566
107.645820125862
107.569054824783
107.560265651842
107.631359091441
107.709351767838
107.486957708832
107.476803715119
107.334136968709
107.293823009592
107.227759060485
107.230278039166
107.441628910426
107.356736845422
107.319561849509
107.440477727431
107.574759202761
107.540737202488
107.479592593794
107.596408539767
107.957526442074
108.303440043308
108.385672527006
108.352459679738
108.179898660286
108.212286790475
108.098541257316
108.147409942486
108.605665415742
108.835438894366
109.914628872449
109.101576628887
111.376712340390
110.925987227848
114.062508495564
114.367732981105
125.829855758730
120.613523915082
126.224210841803
122.113700097051
128.821895927762
125.197039238052
123.652057809122
126.977372923924
106.260950337449
106.390480050217
106.517235216948
106.656350401531
106.604447568479
106.698555535275
106.633064422410
106.618608388921
106.634318451473
106.939326846390
107.144375951941
107.562640750056
107.569506423421
108.006654567254
107.957675158727
107.977756609709
108.132850078426
107.851437853612
107.660398929332
107.501166121541
107.518139813229
107.624858130669
107.664723827145
107.463248757563
107.568579923427
107.564581147389
107.651074226347
107.717431569153
107.557297736142
107.358957889144
107.348817897138
107.352710330605
107.238365364020
107.437155979714
107.433497674182
107.312923297857
107.252404812217
107.441482544283
107.497828678192
107.523997374004
107.362201966518
107.380548120260
107.596447152423
107.873037058959
108.126594985831
108.033596315125
108.004482649820
107.989338028803
107.875636197180
108.637353509490
108.188782811334
110.752674400543
109.705543902357
112.550446026689
111.136938543089
117.510222094370
113.712908733140
129.448637731847
125.913389773914
129.519684460554
126.511287841477
131.966856242523
129.202606010863
124.540640884886
106.140269767674
106.247848871825
106.477794048673
106.562174633243
106.697220869312
106.651845411011
106.567345921472
106.551530671571
106.556382100942
106.786744972414
107.353828367089
107.511052480561
108.083823254288
108.030037713127
107.880266585828
107.937616648335
107.900254030458
107.899062104037
107.733916418464
107.543298257479
107.484267632236
107.582610280994
107.382148500711
107.411419810626
107.470704318850
107.483359375481
107.683547886433
107.721630823109
107.622518769434
107.384837919629
107.274396673359
107.331160149934
107.504907833428
107.443581835597
107.549712507383
107.321615193971
107.345217681408
107.351630789389
107.507362904498
107.497122313631
107.439560349311
107.268324173345
107.538356070242
107.610331258908
107.604372595785
107.799356550061
107.880754022027
107.855488103756
110.115120281330
108.626329142068
112.276853132022
110.714213175631
115.306976414023
112.567060029711
123.659451776135
117.547471514915
128.674454156760
129.851416723339
131.373035919396
129.521605825394
128.510410048496
131.864218373296
106.109276248198
106.336965531981
106.401696929948
106.571656927331
106.641027166691
106.494167668959
106.524571754135
106.410145398011
106.416019831806
106.730252462464
107.159101564971
107.773964949504
108.066191994529
108.120272891777
107.958058416800
107.916217302076
107.914206579050
108.043373124939
107.821064117101
107.466912946651
107.454375509004
107.378652864310
107.333335607577
107.378561479904
107.396130028626
107.469650009176
107.599959177306
107.718356454916
107.702917435419
107.507905636078
107.324508029910
107.460977969504
107.495926225868
107.821057335783
107.634024960975
107.476205760400
107.368100069140
107.508553361736
107.500710904617
107.732136673963
107.476248068993
107.678066981266
107.504310442437
107.450619317489
107.492729367943
108.174623997407
107.782721200747
113.598968740614
110.126384856477
113.130462644975
112.373198385958
118.467361772324
115.290975660783
125.193146710930
123.306785742186
126.359641286055
128.668007892001
128.836814583951
130.962857020576
125.257073465213
128.284798058950
106.264252176909
106.303424782435
106.446199916781
106.531108188640
106.402527370159
106.456426878004
106.366441695200
106.382828952481
106.482817534454
106.547350346601
107.118666994033
107.505097027778
107.874776184441
108.035254233088
108.019693894612
107.885023106157
108.022541847457
108.045119284724
107.640679957847
107.480601238329
107.309639770132
107.351981529123
107.355351968051
107.364056691435
107.470944045770
107.402789887835
107.515707292538
107.631341808592
107.722054779163
107.551387029708
107.467257921611
107.427277930532
107.824271927486
107.833447087814
107.942925624402
107.526074197977
107.422465150313
107.458760887590
108.013827991540
107.747293917334
107.893644007782
107.679369282855
107.999051165855
107.421334587329
109.173883628943
108.156920198443
114.341235577869
113.516066890494
113.345685541336
113.021277555147
118.806671970410
118.058618857294
126.510700942758
124.663846484076
127.336222221847
126.177379095642
130.199711483025
128.892766513599
120.159145114565
125.570437241587
106.157767179390
106.241973450004
106.335824726626
106.431473303108
106.417662536040
106.405145743392
106.438770231711
106.360287463917
106.418840210143
106.425669604391
106.671047214279
106.945779029559
107.649548726973
107.739231242281
107.980407407891
107.955845132971
107.751992416401
107.945611832807
107.805851975376
107.687350981687
107.412629423569
107.295690950539
107.440166442913
107.291783262681
107.431371831215
107.388363692257
107.370470423212
107.375787860598
107.724183256185
107.647907494752
107.530703943908
107.389848018297
107.603716915597
107.713783230288
108.143768563596
107.957115911942
107.713245095254
107.397803251797
108.205414573394
107.988088102700
108.080323882028
107.876462582808
108.728956519553
108.001223442927
110.066476968811
109.141458237940
111.984235782763
114.319871769256
112.381847504898
113.257677898629
118.172852252108
118.734198551668
132.151982342498
126.400525873874
131.056294524913
127.088951974222
131.589250512245
130.019340263858
120.427935648686
106.153868284795
106.214049104025
106.280495564002
106.407749429654
106.393769155589
106.496784516590
106.438049108119
106.455083099181
106.398852509830
106.496988397112
106.543773610011
107.179090883246
107.512558615356
107.789412354760
107.917461709549
107.634163133176
107.655803548399
107.796780632781
107.758332797034
107.864370826218
107.398988608995
107.257573774372
107.369934012633
107.429275736933
107.395161654350
107.537175624542
107.325634605776
107.677744785744
107.659755247989
107.541064174379
107.494265719735
107.462878376493
107.539387944565
108.240593630045
108.122893728860
108.298050782835
107.722768362626
108.498730285405
108.192432218089
108.827986705962
108.073775747245
109.172220776020
108.746144145089
110.540412688670
110.059861570061
112.145351549526
112.068991283344
114.481280354895
112.436810022897
121.562717061190
118.353577700739
131.616609286634
132.616543377720
128.620494321522
131.287962332274
130.291089038282
131.534045849320
106.097501777897
106.145276435669
106.387231186304
106.355928625303
106.402060797802
106.455774277550
106.438481052263
106.439631762574
106.516388937248
106.470817221506
106.827050667043
107.075399657907
107.615921238258
107.705944586112
107.720982371637
107.561037930450
107.588630056653
107.703476656546
107.939710616745
107.894482603851
107.361786764845
107.258186885036
107.649904809653
107.414673795173
107.846666966724
107.523949653533
107.660144506853
107.638174585034
107.357575254177
107.506210420908
107.605233926318
107.429502067697
108.401354350817
108.206402619996
108.811713109758
108.294871674489
109.315444146136
108.496802897796
110.481305544495
108.835694060535
111.099452893414
109.328645584446
112.268888242276
110.956879106279
117.112847864423
112.798065308048
119.438573877139
115.820520962012
128.669102371612
123.281877340833
124.867076091740
134.361283012104
124.773531923891
129.839171744333
124.866911769593
130.861311641597
106.090412433380
106.267826758590
106.365762361013
106.409767623756
106.396568482649
106.493641241349
106.430328160938
106.550474606619
106.503789700327
106.648091827099
106.756307094963
107.382774969211
107.549162347710
107.828337130845
107.712566588180
107.460440337044
107.539409591186
107.856926543157
107.915232422112
107.722092837687
107.370221593152
108.015964696883
107.637947302696
107.939130742443
107.834183507000
107.584547695134
107.645939312226
107.579016823235
107.333986385943
107.834913057967
107.588441652715
108.859230165112
108.394554837058
109.493321869405
108.823533770785
111.531752229340
109.334889503165
112.489088906096
110.589252125424
114.290666356559
111.234293914814
117.994300669218
112.818783865798
116.984363364264
118.064535515578
120.685151363668
119.221415438106
125.022412865294
127.612364505197
122.950676359894
125.169932492929
122.203839358606
125.407005139625
117.783628301118
125.555983205540
106.128803183959
106.212407970302
106.428102137791
106.374401894986
106.484950189290
106.464459327657
106.538328617164
106.526557262469
106.600012464581
106.602211420647
107.106624505040
107.310811615392
107.739569963843
107.799534353324
107.460300211448
107.425065423461
107.778659167734
107.806526377486
107.956194958237
107.732799701759
108.226471987215
108.030516656357
108.096128937411
107.943916816105
108.036984403199
107.579179819560
107.897690766682
107.573616528611
108.670300161741
107.837520366033
109.428869903991
108.911084308507
111.411954809830
109.554792384253
112.674116500223
111.585753851932
113.145757166494
112.390998729608
113.560438247076
113.662177466046
115.371791185157
116.035084375741
112.949234299992
115.210565215544
120.008242522181
118.356396842811
122.778087074089
123.483541338268
121.755505537640
121.746916536309
119.264523985491
121.522509532418
116.225343343004
117.770312570885
106.114019407573
106.323253863852
106.404733762556
106.446197646802
106.477931169381
106.631679431634
106.542074787256
106.716115558938
106.589452958554
106.948028822701
107.059326817584
107.640788396339
107.692949663020
107.493283530801
107.422426832409
107.752876650735
107.731671899962
108.077161805297
107.933758404098
108.354194899817
108.210435595210
108.292261953966
108.083590312576
108.573552925573
108.028684795545
109.244198623612
107.889134023546
109.441581648237
108.720545131755
109.960888346539
109.526276569432
111.297227614386
111.310985373709
111.876379819183
112.393279531634
111.235037142604
112.669258629922
112.389434229467
112.974982112765
113.778965014792
114.874955621598
113.735273177958
112.715205030538
119.072277950388
119.680506138622
122.166147873629
122.520611583081
120.090389393761
121.497036504413
119.798967369779
119.170442198848
116.190195192398
116.197759009044
106.189256028533
106.292224534153
106.468332876042
106.436342902085
106.722158293943
106.630991581740
106.891192371152
106.715817079850
106.911556563495
106.923453316608
107.552597851630
107.614217628226
107.499268272514
107.475889841583
107.874684301011
107.735461370018
108.378729504118
108.062963304963
108.731659049577
108.341088948683
108.012612275618
108.290481852099
109.301529159415
108.555312616723
109.912033110078
109.125462972844
109.260230028446
109.277818945281
109.895295187721
109.728266006943
110.187614252743
111.089385409492
111.125539157405
111.677099241874
111.444344200227
111.159471481371
112.824026009559
112.360090896482
113.211485289553
113.798324637917
113.180999897474
113.709212884984
119.747042883419
119.064249147897
121.320851233102
122.166461235414
119.587698762021
120.087144927715
119.700974226578
119.809819139885
115.290251758109
116.202791116668
106.098803457615
106.135888589737
106.381873678205
106.427996038727
106.722745063412
106.703295731773
106.954792397780
106.886541367268
107.027728468055
106.902499598340
107.539510513937
107.533534703206
107.368868546114
107.482323146886
107.958419544855
107.869530119331
108.678802940683
108.374853554900
108.769880547877
108.715411212822
108.581395921710
108.005060712363
109.716064750493
109.282782007386
109.532422365836
109.857260867207
109.265076986506
109.190827900821
109.446461973500
109.816128481777
110.302655410968
110.161013761189
110.477355702146
111.123649506174
112.003157579678
111.429575955496
112.545625420901
112.797951006260
113.009355293003
113.203953790205
113.755637143752
113.180050543517
120.265566152361
119.744601200967
120.510242979741
121.325150239351
118.745539364540
119.583690386336
118.622238429330
119.703443439872
115.550208599505
115.295501718288
106.074735322670
106.077097830817
106.306403554582
106.355239462779
106.674713730945
106.703413644255
106.957511496903
106.944391061944
107.188930476710
107.024242062921
107.501453325729
107.528026014686
107.310391105622
107.353075127383
107.812983037632
107.949236298470
109.134599087099
108.683694189981
108.569711175261
108.761569452275
109.069795941412
108.564089395472
110.166803360024
109.671646818516
109.461134816646
109.517575534891
109.238925640613
109.246251909142
109.258144899873
109.442391960163
110.657545667140
110.290810726943
109.797093359658
110.482193394822
112.339878965753
111.997970889035
113.286490557294
112.542901763626
113.106072146006
113.017929943613
113.901123848573
113.764418847281
118.665386314840
120.269274031977
119.776552600010
120.514742046569
118.846424343531
118.758169571082
117.076206283307
118.601865061148
116.640219308555
115.610651802367
106.073614063143
106.282328083870
106.284858175142
106.659665619755
106.650616068649
106.919009511607
106.934404740841
107.123516321597
107.175804706722
107.546624865194
107.491236522366
107.438243987651
107.297210402525
107.835403150314
107.788636680989
109.163633202543
109.124589621395
108.531381709338
108.555336929766
109.173935030347
109.061083269654
110.564571522740
110.148434347233
109.255153425942
109.448896073221
109.810122827357
109.226056465264
109.581632156021
109.265267289999
109.624350396748
110.671614551736
110.162515181696
109.792945981490
111.741796233132
112.338128387790
113.511606889885
113.275645938733
112.818387582674
113.091958268481
113.895152185529
113.890362767612
118.917034874737
118.670863377291
118.513991343886
119.765809578528
119.216515775296
118.871058510518
116.597547858795
117.022082331523
116.444076291669
116.659434126487
106.276268795770
106.266515147325
106.702857162874
106.644647262828
106.834328283620
106.903462042450
106.929730804830
107.106451685550
107.464837715404
107.539695997087
107.830456482069
107.441725492357
108.094188673252
107.824764901760
108.888348830030
109.156181329093
108.506836047174
108.522378763999
109.456100686339
109.167005970567
110.368761127299
110.554397335897
109.264807708757
109.248841111787
109.689892058306
109.789794328284
110.366994447151
109.546842370620
109.202941314142
109.631240362750
110.741222077834
110.156467160562
111.050339060065
111.749306459709
113.084794185523
113.509420595126
113.244959706366
112.817661599759
114.460068719889
113.889852406734
118.231064799258
118.914078136948
117.917454192711
118.480494924685
117.636815498490
119.203281120673
117.962777376453
116.627197240267
116.820028963312
116.406961598535
106.291679531541
106.261592803075
106.640207530197
106.689553806277
106.793029226147
106.821821804337
106.839162421356
106.910616483805
107.352344549993
107.445605021630
108.217826441859
107.832232363718
108.322727007130
108.082398948341
108.317730730570
108.879238842170
108.899381672197
108.506285524197
110.258144055728
109.447191392098
109.783628253169
110.375263590635
109.137780779451
109.257777019386
110.100996184686
109.683341170857
110.084293172637
110.352960670672
110.145192511542
109.197651738318
109.848048662240
110.752109715870
110.825941904239
111.047335653773
113.075206346665
113.079733589459
114.029020797050
113.245032362045
114.650604262610
114.459809629226
117.519540187677
118.234586417020
117.456096424484
117.910044833166
117.176841113839
117.574873664185
118.441919130370
117.964379212980
115.048408921098
116.822154496760
106.269077388568
106.277778715736
106.536627459889
106.625975759343
106.870034265499
106.780652609321
106.919346898714
106.820243127820
107.130972389793
107.327750867089
108.418311499024
108.208793356065
108.402849126485
108.311567895323
108.307164757175
108.299712069456
109.663081194153
108.890543321302
109.496409739060
110.255289173445
109.834657686408
109.776601748235
108.976051852278
109.132000034788
110.752598578634
110.091810886497
109.430095544173
110.086299615352
110.792952250484
110.112950133663
109.542116525796
109.849076954210
110.809142327734
110.822451405349
113.027677118741
113.072538531064
115.235882352052
114.024595960288
114.702366450716
114.657805540958
116.396055091799
117.530066616711
116.826057474789
117.453490302152
117.350114015709
117.174509100168
117.117504904554
118.446000786874
115.670564434188
115.025634518833
106.284402351992
106.255102597113
106.498228185822
106.520141117101
106.870219108574
106.857110595136
106.830581725719
106.908716561266
107.214115845401
107.120885210864
108.590402738073
108.409361431390
108.510281098544
108.392694176887
108.262444772429
108.298233086761
110.081297866418
109.632668942245
109.203090136862
109.494357546115
109.714487271472
109.827525158758
109.125598507145
108.969124339592
110.549756037424
110.739981098939
109.473524460860
109.423738109417
110.551503169471
110.783475259473
110.239575987105
109.540891542758
110.840291666940
110.811265129931
112.871945988892
113.028806208914
114.799545520827
115.220786751541
115.655861179561
114.688010471267
115.976770683809
116.402873237128
116.240015883598
116.821561634064
115.790253699933
117.349752623789
116.691896694778
117.123888904338
116.713367178798
115.729040265581
106.337341563091
106.270269146924
106.570527744055
106.485273661761
106.699958340591
106.861674028695
106.838480043697
106.813739640640
107.222498171947
107.200824733793
108.597247666716
108.579094827592
108.518634385833
108.499732830140
108.273772014560
108.253063627596
109.477164764874
110.065871133102
109.727619223851
109.204556027965
109.689247022161
109.707153013341
109.586979484912
109.119026519242
110.214296152315
110.548258185667
109.622063587334
109.468373366537
110.182381428446
110.545909175634
110.671308821128
110.231333039227
110.939243955090
110.833032740687
113.291937897733
112.870000214585
114.187782268988
114.804983920320
115.922939159453
115.647620679292
116.080772373195
115.976074392182
115.829459901785
116.239976653061
115.578588576747
115.746907232265
116.007149978114
116.623202587920
115.546633679600
116.704319376376
106.322621999615
106.322975792789
106.516513279615
106.552566401311
106.569025381903
106.687853433526
107.022017994515
106.834426231851
107.529020193009
107.212090762787
108.415328697748
108.591771258938
108.409632733999
108.508706694034
108.318812033466
108.264295193025
108.782689852822
109.459046228250
110.362527222627
109.736496466265
109.062978599217
109.681533408677
110.677599186925
109.596001047177
110.092711307933
110.209470948499
110.206816080545
109.616296570790
109.874962062062
110.188820383673
110.272911026937
110.669205139080
110.987309863744
110.934658549158
113.413044892111
113.281314028285
115.143501199732
114.186670662031
115.125500454396
115.929451576244
115.270361882461
116.080496008648
116.191674225564
115.840992888582
115.357658812424
115.584532446942
115.485823305068
116.009233990492
115.339259124626
115.517271879263
106.268550696351
106.308449604957
106.436716836293
106.506613150974
106.741663093438
106.559897408460
107.131458916109
107.009608442293
107.961819319519
107.512566488721
108.087500205291
108.420035243707
108.188942190299
108.401766172667
108.394511256882
108.309297929268
108.708348313414
108.757566032842
110.281691572948
110.354102232529
108.755150483346
109.036801944471
110.794493375777
110.677352912947
110.453023751318
110.092252759263
110.597739479708
110.189115226894
109.818307064060
109.870328116927
109.937654536233
110.270043024978
110.916798317528
110.985476169940
113.435777884005
113.413632149808
115.298364912883
115.136083805644
114.826278660608
115.126920774153
114.946125709884
115.268553233609
116.125585732495
116.205404234260
115.230026376121
115.370106652357
115.301399318886
115.489238742541
115.539614120708
115.344860104424
106.252332782666
106.251873873588
106.349152382506
106.411789786350
106.815011794706
106.730484331201
107.223353344569
107.119314503530
108.298258368747
107.934871848802
107.822610588150
108.085238979487
108.046971712335
108.180213924468
108.436315841642
108.385028804016
108.828671181760
108.700393049627
109.611142144218
110.273428474157
108.787894764754
108.748836933224
110.952815303273
110.790267360031
110.713005212340
110.451385139645
111.218650306183
110.590667762294
109.690723265111
109.816563670252
109.628273688047
109.934863738973
110.669016407931
110.912527056719
113.703740812314
113.436069142216
115.619235196811
115.297261018002
115.014295681203
114.819435401798
114.578254038023
114.931225825910
115.679286864470
116.109872552126
114.689187556785
115.217530220638
115.232443785495
115.298411449473
115.988779719002
115.548214049191
106.236376835624
106.238577635748
106.352014446789
106.334303045676
106.790043553651
106.802412226987
107.259011097828
107.210792900436
108.327693904554
108.275556943881
107.813782275711
107.810889053617
108.044043569152
108.037883301771
108.431665494517
108.427037298304
108.881243509226
108.819720832833
109.372236831611
109.596231775771
109.095217580107
108.774787646638
110.609255273223
110.944375924051
110.765407232408
110.707765120147
111.269877931233
111.210052878765
109.824317337507
109.685218291991
109.999433854505
109.624912308228
110.468850420138
110.666915553397
113.687130962532
113.700867371823
116.060619111124
115.618779577248
114.922374813144
115.017295374291
114.423033953129
114.578610669171
115.444471593612
115.671571646473
114.540786008739
114.665878439799
114.278196939643
115.206205192599
115.804037548467
115.999825467922
106.188199010591
106.223535441561
106.402116755136
106.339692814287
106.734830782915
106.777660822621
107.285837773839
107.247555749746
108.143303907082
108.316407611339
107.928739023181
107.805203547743
108.188751002258
108.034688448083
108.393263528384
108.422495849917
108.827135636206
108.872168268951
109.397114911159
109.363599375374
109.155540219692
109.086703437938
109.691019074314
110.601324210212
111.577647089944
110.784531180920
111.643618052015
111.265945253418
110.038495956141
109.819884473002
110.052100935588
109.993699804412
110.334931634642
110.467980921243
113.621316958193
113.685277052424
116.163985718540
116.055772478645
115.236318100779
114.920308089180
114.622323083527
114.424549579338
115.214282052152
115.448249925671
113.590385129672
114.542289128696
113.568676398307
114.268356889368
116.099073043085
115.812954924479
106.157775635136
106.173925434442
106.440365081703
106.389742309203
106.622458919102
106.722842339533
107.392895540756
107.275789261021
107.951981144812
108.130554917458
108.151421326571
107.920819559567
108.308491682868
108.178355236049
108.356890640154
108.384822316264
108.816367724923
108.818493703072
109.386418343111
109.389071935038
109.278023167163
109.148837924983
109.129141449884
109.660962157492
112.046011907134
111.578832471912
111.836703630349
111.639399387184
110.411663639287
110.032080998078
109.736109213002
110.048692140348
110.609230206443
110.330877800207
113.662550901447
113.620485657382
115.670244086303
116.163459867855
114.970710706892
115.234432701813
115.187360177355
114.623140446770
115.304196410076
115.214608645212
113.163096224414
113.584577257944
113.394513317369
113.541347486996
115.114387978281
116.084623669752
106.158667409032
106.442210614393
106.427539042361
106.662748756212
106.607947895336
107.420415092418
107.380745516229
107.781663169016
107.938085988823
108.286924528220
108.142430004093
108.390586917519
108.298047047532
108.340974001689
108.348294732104
108.810456146997
108.808383424075
109.379038924464
109.379075586434
109.290512625977
109.270246303790
109.316688522093
109.115380683633
110.769350071965
112.040334577171
112.351182046508
111.859725954397
110.038991403245
110.413087801163
109.948046573890
109.760777346997
111.431335209724
110.623552722369
114.063818469426
113.659153476347
115.200984629422
115.668637154013
114.622302519073
114.968213346769
115.372856435913
115.195406956397
115.464106057286
115.310547926003
113.066820001963
113.166098258546
113.451036136509
113.397646697616
115.190791761742
115.085147163888
106.426604444006
106.429618566479
106.777650681709
106.651569639182
107.231531623163
107.409483283088
107.692948183005
107.770498576746
108.575452447834
108.280342809812
108.414850907969
108.380990742608
108.349044869965
108.331570416540
108.847953800911
108.801761516859
109.357795267846
109.371795549438
109.302318325917
109.283877933431
109.295651259802
109.309479153265
110.679001417255
110.736391858828
111.833120745146
112.337402158991
109.846142071867
110.017397739421
109.997725313295
109.944463326080
111.931971951696
111.445780485455
114.304883832527
114.065709415016
116.289169034587
115.200537953903
114.183648160691
114.620711183173
114.796965138451
115.368868266176
115.315580673029
115.465478092530
113.093219959143
113.068837049861
113.537178921384
113.454308132689
115.175922504726
115.195790620398
106.417951883676
106.413227760414
106.839186529631
106.764669004719
107.109980873170
107.219209990506
107.661179394929
107.678655534509
108.571815356946
108.565552293259
108.307335970850
108.405881540408
108.652890164081
108.343406345441
108.716724301773
108.839103174364
109.533097902543
109.350415074422
109.306542847965
109.294957876405
108.662076481776
109.289694906766
111.447714472323
110.691281888832
111.279097433771
111.819329126210
110.167448162871
109.836036286391
110.053187693708
109.981371797132
112.017610949874
111.927483873826
114.540321811963
114.303389834368
116.359258207740
116.282420721940
114.096841339064
114.182969272725
114.630643049943
114.795813058065
115.390952360643
115.314574358772
113.103254958212
113.092550415061
113.462423235609
113.539040410479
115.119676056631
115.178557569187
106.472391217363
106.405956617106
106.900346558668
106.827041699283
107.115654789529
107.098900583559
107.469081461046
107.650483593074
108.411550854902
108.561290522000
108.442410293531
108.298268385108
108.566562200740
108.645224297222
108.659020898662
108.711056284869
109.218232188213
109.530497219854
109.166147665383
109.318207411153
109.327641628645
108.668485121520
111.620072260835
111.443614286454
111.240112245555
111.264497061314
110.162423466608
110.161351944044
110.447669878682
110.049409954019
112.850045507182
112.014955131156
113.896603213196
114.555124663010
115.655879650744
116.359658819751
114.011862639196
114.096344678201
114.615618382095
114.631081150795
115.486483654823
115.394051079696
113.078507797485
113.105275686820
113.414290753689
113.464495801554
115.598550407134
115.122333088829
106.559246176939
106.459579233262
106.930169041798
106.888120668173
107.001194895814
107.104597367618
107.226248915992
107.457892002286
108.441188400457
108.404247839102
108.551418953562
108.437715639349
108.513811958842
108.558121044578
108.551638093820
108.651159718455
109.408441459121
109.201570105962
108.593656519998
109.134007002069
109.540382844674
109.351981584044
112.285798064222
111.635357474643
110.900682398098
111.238151905523
110.774527328779
110.170603464186
111.274323444925
110.442632346405
111.979092745545
112.837848933222
113.989819635045
113.891667041925
115.486196533378
115.653950558116
113.970178733416
114.010917464875
114.603609230244
114.614876185599
115.448064706469
115.487769719238
113.108388447776
113.081384097670
113.461197648069
113.416795295952
116.105857707595
115.607034721423
106.665484250599
106.547582981422
106.896351599753
106.917515227742
106.880440340367
106.989947069574
107.189165724578
107.210302920508
108.236177232838
108.427178812792
108.540368092078
108.547432454845
108.463326806245
108.510757074880
108.603853189550
108.548399011298
109.256063946783
109.409346270794
108.986994827476
108.575936113785
109.354423515265
109.517202873447
111.599239668216
112.286447560196
111.613313092343
110.924129271154
111.893854903939
110.779558692234
111.706711412106
111.264186758703
111.150832748534
111.992619849423
113.993129489734
113.988650574130
115.319318757513
115.483910115387
113.872442832996
113.969815407741
114.624560916297
114.604872277672
115.436758016053
115.449274773571
113.101972605227
113.110890839444
113.438100875830
113.464552645224
115.957404348582
116.115582078202
106.515539369173
106.651781840702
106.773616915734
106.888784062149
106.913227038712
106.882528936619
107.273181202333
107.189183125866
108.302898060325
108.225822311754
108.348830698278
108.526758606352
108.672761859651
108.455165088452
108.581845304456
108.589624366623
109.181346209991
109.235744146947
108.949598682359
108.985665549930
109.077265614122
109.351056185812
111.905709003671
111.583070647211
112.084325251191
111.614527347381
112.629123254499
111.887820160291
112.071068288279
111.687663320264
110.587794237284
111.155828178988
114.070279242896
113.990626703354
115.089392051595
115.316472880096
113.793355056146
113.870421243456
114.624402421267
114.624245192115
115.427136977774
115.437021526370
113.091982223732
113.102974805269
113.435488570682
113.440298384147
115.111349063036
115.957272832988
106.247473612257
106.498811221976
106.835076700321
106.794124113422
107.110640117454
106.930494982813
107.380405637684
107.273213289877
108.131022445803
108.297654613434
108.404037383178
108.348691841155
108.570264391979
108.679110541057
108.737578524837
108.596421847480
109.196152167101
109.185388708861
108.856237150796
108.953351549225
109.235678948120
109.072892212720
111.666549164221
111.905533445450
112.736008149809
112.109085786454
113.423217458759
112.632703254072
112.138471748002
112.058664152094
111.519267881527
110.585516066796
113.237683484614
114.088110379463
114.556458510023
115.088021852757
113.732031599715
113.792309124048
114.580165056754
114.624671619466
115.455654697954
115.429379965245
113.084755887374
113.094389487604
113.420757882479
113.437985994667
115.188191867467
115.090715998804
106.209655927302
106.641004531406
106.792354142398
107.213452607736
107.113241461393
107.450066221765
107.380527014751
108.067970479999
108.115676519813
108.408275196677
108.395749680457
108.475769342819
108.554132138161
108.827236708644
108.738558874810
109.117465879147
109.192308655053
108.974599202150
108.851094195697
109.481097080288
109.233625920636
111.717660094807
111.641251750967
113.388278437621
112.732693263188
113.421493804054
113.419518767205
112.113202534528
112.135461428563
111.509292228669
111.494358164614
113.378628212045
113.235565971328
114.436733904062
114.554838037272
113.749576530111
113.731454761436
114.477082389105
114.579509528200
115.559691022154
115.456675072379
113.108875229689
113.085015606809
113.502581498005
113.422484183755
115.037080511589
115.190118359529
106.476659984579
106.599857461920
107.208454853895
107.197732214950
107.545710300705
107.440184874331
107.941352491559
108.047950963215
108.291494902830
108.397010907105
108.562856054696
108.467052683511
108.760434800206
108.817864593532
109.026399851567
109.107713692302
109.264925374493
108.980181490770
109.347027079647
109.480549247843
112.103988849321
111.727926686782
113.985768990174
113.395311810908
112.505394385925
113.419407937789
112.755899864610
112.136890804845
111.881825576128
111.512119458894
113.535997264698
113.377857037086
114.321031900159
114.434777634387
113.558285200190
113.749367912618
116.022299054637
114.479226333580
114.848056177887
115.567997379411
113.300419361465
113.108909938627
113.393271114604
113.504113378611
114.343527895556
115.035634695935
106.321879279447
106.449824105421
107.145778999826
107.196452005691
107.590677666648
107.547902984657
107.712657658575
107.933577068066
108.403095871908
108.298160521432
108.539486373148
108.567284005903
108.893119523475
108.765236413178
108.945857435551
109.015738808647
109.419621978977
109.279662963551
109.301652048499
109.345217004916
111.950780472216
112.119943705771
114.467755141599
114.023249518224
112.835474835525
112.499374535362
113.365349549056
112.760500482505
112.127260419715
111.880006819652
113.942713886686
113.534056022182
113.830660769370
114.318889332192
113.449537250355
113.554773883295
114.962918981843
116.014955903854
115.477385264815
114.880104302174
113.513115376108
113.311905240382
113.584178969229
113.403306350446
114.348906229994
114.347578108407
106.193991120327
106.292705745863
107.006570982667
107.125657159477
107.651502490966
107.586745946119
107.595273751218
107.682284753175
108.307221896977
108.392072689960
108.503663538545
108.534055138757
108.925046390546
108.902069952832
108.843441669266
108.947434034384
109.844690247145
109.443035766590
109.602585621572
109.291816699620
111.445776163083
111.914906088145
114.235728610378
114.474242334509
113.921837751576
112.866782244094
113.973838597549
113.367308147432
112.312404725888
112.124849795324
114.602551075279
113.939511796347
113.030750904523
113.835441488112
113.218108767598
113.447876584697
114.770865614796
114.936860905725
115.713295630109
115.474295650455
113.581534307357
113.511736926620
113.550040626251
113.585049280244
114.337599408913
114.352469610678
106.135776144162
106.169428002915
106.828370816421
106.976838742081
107.590541270090
107.643570073963
107.570343588790
107.585117658009
108.099445147485
108.291487133330
108.357271955236
108.506936789506
109.113627275057
108.952186353461
108.914761148816
108.841975402894
109.629721026828
109.866961361949
110.079746623882
109.667685415007
111.541026607001
111.452110598247
114.563349218299
114.224927441991
114.711115180002
113.938959070900
113.793440846842
113.975942549338
113.703782477895
112.319549789855
114.514797772463
114.598984947282
112.382933826681
113.033897501270
113.031240587327
113.215800423528
116.139404952195
114.769213278100
114.915761964285
115.716960198688
113.165269296143
113.580823397335
113.545057540743
113.552777342280
114.300934583523
114.340999231988
106.132234403640
106.663309628337
106.797463050405
107.511620799014
107.566113720420
107.458417476814
107.550093971459
107.857000522608
108.068322019184
108.304617514516
108.332493448986
108.763422618293
109.110687101268
109.235849766999
108.970847398673
109.669454008604
109.624520679835
110.114739443049
110.108817436646
112.923637153929
111.577105937917
114.822212867373
114.540689443358
114.449293392564
114.705528859023
114.093358208921
113.790545900643
115.061011286255
113.699316124037
113.580028003370
114.516514738189
112.284273022320
112.381140802719
113.253231021987
113.029126808472
114.687506566735
116.132725402071
115.437784251642
114.955915145205
113.737723481535
113.183032863838
113.648483696566
113.548896830659
114.753120059321
114.302439610034
106.541839066933
106.636419291065
107.311178436281
107.486494711472
107.451359709453
107.434924703781
107.659261509382
107.806844011443
108.011960546081
108.266288818677
108.316416385404
108.708559931684
109.198694204053
109.282777237347
109.693048799411
109.738443739438
110.625841128449
110.193733385997
113.368335317240
113.016499226808
115.411097351197
114.892747152627
115.109545693108
114.485156558465
114.554073799726
114.107834440301
113.923717657453
115.059750496620
114.555577535249
113.637686041268
112.926040242903
112.299318758292
113.490758365749
113.255151962733
114.524298434132
114.651711111686
115.260022180779
115.421212788388
114.029396486734
113.738939606226
113.708604138863
113.648903646859
115.111809890107
114.757612752398
106.523916612482
106.524850114400
107.157705850902
107.282977170294
107.260779959622
107.430530437973
107.731227088321
107.638189343349
107.872942942416
107.951675479040
107.941977247228
108.197738890783
108.531776932813
109.091622400455
109.180251774649
109.656880777227
111.107563854581
110.741816871785
113.655441644143
113.454476005978
115.553505268273
115.507835852444
115.879390950809
115.233519285797
113.923639459871
114.638635770947
115.739179781697
114.032162979156
114.704044051563
114.577392095460
114.022074967599
112.957259043360
113.781143397987
113.493599453932
114.417283013403
114.523464302060
115.454560672184
115.259212508027
114.401528700495
114.030683725357
113.735222586077
113.710744781572
114.788868935974
115.115258128486
106.804022877758
106.512861600546
107.133527284811
107.145498957667
107.121954605437
107.233509607199
107.907829498024
107.707457507262
108.060841333820
107.847893027695
107.340012470227
107.898911134542
107.569461908328
108.394072880553
108.094593103681
109.012970849546
110.665310525430
111.191622765455
113.355944784958
113.875327808617
114.921169434276
115.881159341180
116.564497287889
116.473582244214
115.060774555471
114.443419705594
116.727074935597
116.242851330994
117.376716083032
115.132856778439
115.686224019016
114.181740901079
114.595233841964
113.827379064563
115.251307065673
114.432486615716
115.770652924204
115.456580810188
114.380785377199
114.402926189307
114.018576180481
113.737319218809
114.356692538885
114.791937728116
106.887637589230
106.786653029570
107.420322563861
107.119357012879
107.225687775077
107.126319189440
108.539117686026
107.914664620130
108.006929218177
108.114826362344
106.834477464171
107.395106733875
106.891715502743
107.503400568886
107.115589241772
107.845850028385
108.688118713053
110.440620971826
112.065560865881
113.611301773074
114.689300819114
115.608590041726
117.446685551370
117.693469805060
117.217896657148
116.462643711213
119.772930572513
117.877036659610
121.612236110631
118.245596894993
117.721883027922
116.040854059622
116.578262669323
114.769405402541
117.608698134633
115.299683883544
115.448844156482
115.771795075896
113.851731387308
114.382664304388
114.616126803509
114.026344100917
114.536991246301
114.359137467835
107.390221370908
106.877679490572
108.168839397664
107.431968175064
108.063154039869
107.322878187601
108.582074697175
108.724835938619
107.282662963404
108.178234890638
106.486624436366
106.902804411304
106.561748380874
106.882194784632
106.655494596964
106.951760074832
107.065573667603
107.944474370435
109.572805996128
110.887797599071
111.039331269769
113.474798187676
118.123044861539
117.372772706806
117.581172744065
117.174778762096
119.591561929972
120.157962180801
126.356932481137
122.795165331588
122.581913049540
118.339915573132
118.899833790355
116.726285166093
118.757908296483
117.653504892257
115.870680151504
115.459565350832
113.838915253587
113.851027475556
114.802279488457
114.621473424021
114.906988876122
114.541241048753
107.296544168237
107.351588246521
109.860284213401
108.042838626234
109.426946781215
107.831851941379
108.299063255331
108.611300015227
107.338380365720
107.413815187936
106.578662736437
106.666266684432
106.311298542039
106.724946952765
106.373359041625
106.678268954763
106.533703529186
106.827411051721
108.096210390928
108.939706749184
108.308525811029
109.180910156398
114.605679203341
116.814921345082
116.614951434810
116.786323691293
118.301271677769
118.656547008544
128.754469046292
126.300826936798
124.961412568686
122.798387225226
121.304714192347
119.055015268837
120.092502559186
118.799261054533
116.193147184662
115.877715941826
114.708726226387
113.841620711255
114.187964190041
114.805472490607
115.808758699801
114.912010205297
107.283009608202
111.538469720475
109.794422247655
111.063110063506
109.182890421832
108.798678154192
108.331442543044
107.393823431841
107.484450122169
106.601349651442
106.728577432059
106.362783121925
106.525490893536
106.278896582671
106.550363958449
106.626937817668
106.611068632824
107.363521894401
108.107988468238
107.647516832717
108.075957161574
112.114653768123
113.983733194093
116.051850566234
116.030646890531
116.724842479627
117.644588129329
127.317842306646
128.507559016766
126.179151746818
125.007268017232
123.882434697961
121.410185909172
120.942683970338
120.113129038978
116.551648193114
116.198996099259
114.353836825556
114.711047872672
114.453476020202
114.198682598497
116.014885240350
115.815071501610
112.412664747465
111.530991335641
112.869581471976
110.910169249380
109.278257094809
108.790597362787
107.226567649579
107.517796224384
106.431017820702
106.686362363961
106.312570376445
106.406136319638
106.395370936924
106.369353620383
106.941891062596
106.724890248723
107.288067460962
107.598957444678
107.389253021809
107.820652353836
110.800764686581
112.129092249580
116.140713451795
115.984760249654
117.085828451686
116.588656425375
125.334153179015
127.100030145461
125.262229638333
126.026417188077
124.056769619725
123.857211980024
121.010582785680
120.936761805957
116.569360382308
116.552537285448
113.866483889910
114.348155389898
114.987532363323
114.461586458264
115.973189843621
116.017755040120
112.498789883567
112.020923208618
112.710372239546
110.728662358275
108.942989522188
106.793518500047
107.263811432216
106.478201866297
106.435324039313
106.435562396823
106.392061133577
106.566656118649
106.489883502118
106.959688189418
107.006871117502
107.045583057832
107.408303893763
108.075776243730
107.488166519816
111.062217992182
111.100706441844
116.454753968458
116.407606776587
116.753429196128
117.335982717336
123.857262648519
125.523261226964
124.689641060472
125.348396997677
122.805007356268
124.115158285162
120.050752231022
121.028484664410
116.168859600637
116.571919576450
114.446432744766
113.859915339592
114.995860430652
114.995613025884
114.868100189273
115.978613453319
106.394420438893
106.637616135387
106.321158726208
106.679852153347
106.572021006931
106.909870917027
107.034666140148
107.807076628269
107.172616448898
109.412112540608
108.265457831310
112.566174833672
111.563841106169
114.688717746845
117.135599873492
117.641645377744
117.081849706370
121.425033312622
124.327694137694
123.235197854434
124.894174998103
122.134123758408
122.937130485547
119.425990242738
120.156629143978
115.461401874803
116.244609762926
113.708111893003
114.476577624520
115.468611029709
115.000400217703
114.922892428010
114.890780102477
106.621947611289
107.309541350045
106.894564356821
109.505012389496
107.739853007023
110.442074549292
109.554892335837
112.457337972157
112.738018335137
113.896059353522
115.204537713090
118.404696528330
117.810646555833
120.152764993353
121.976397472463
122.483895686459
123.650054243416
120.469118842940
122.469678583202
117.770207591531
119.613492895795
115.587797304019
115.549333296756
113.676237878280
113.828893701980
115.103469593284
115.558554924928
113.558573339438
114.982392025721
109.255874664878
111.056941994337
109.924256967656
112.281002605033
112.303994555505
114.748879561477
114.003631739381
118.847130188887
118.558546421586
120.891353489843
120.603318716726
121.081803750121
123.097141199223
118.634186297330
120.985616405824
116.537587458274
118.130846299326
114.576435634557
115.764989252231
113.520938384212
113.747094867641
114.438368922526
115.181449494338
112.660410253877
113.647291560111
115.007811838789
119.476087328331
119.042190941021
121.897364849659
121.115289724897
118.609159309235
121.745284503861
116.716010425525
119.073013206365
115.880450116380
116.808095875729
113.566772665443
114.846443436571
113.875871697885
113.646449870732
114.049860052268
114.647870916485
112.869670617297
120.964181535668
119.083652437860
118.209965639196
117.567121032699
116.797268168755
114.525471213525
116.210843019313
113.386903444033
113.801930862077
114.662087951229
114.016575740514
112.624804217115
114.354425186802
116.924313606567
117.647419946653
114.136460474314
114.016823775712
113.456195746760
115.219347191222
114.725283299066
110.853074330027
113.026181693863
113.426906796574
117.373424026686
114.565893321413
110.753276299499