9.96707479245791
10.1391624041715
10.7425876518236
10.0139181451119
9.81910603692495
8.36503174584004
7.79850264090470
8.54201865140607
9.46860849123171
10.6180183610519
11.0395332397141
10.6218649599820
10.3952285791697
10.5392203605574
10.3154075086724
10.0485614747037
9.32175992259045
9.16783637416833
8.64533866472806
8.71653866501929
8.42016521056820
8.38653109889887
9.60080509933908
10.2358477583187
10.6477811639977
10.7465424389061
10.8618073489026
10.7288180800119
10.1319164748455
10.3925876240757
10.6658928079368
14.3989835891728
13.9009830378701
12.5100525428434
11.8674713532960
11.1046838668326
10.4470098481703
9.67328216466467
9.18734315357837
8.65780985214809
8.58374953387141
9.23821587119812
9.27526024790268
10.1121048383960
10.3155961592650
10.0976514729191
10.7310816136850
10.4079222099357
10.2563022891232
10.5614344952961
10.6607448889151
11.5108040456305
15.3594914169326
15.4615901536338
15.0096564003090
14.3799899379110
13.3966251596476
12.8241553996627
11.5432594182803
11.2248190291917
10.7256876905289
9.99082501644107
9.62899346963479
9.66439936691393
10.2750566867915
10.4162947815175
9.94835955045662
10.0624480465718
10.4607488378058
10.6084345996752
11.0357117640465
10.8225910307351
11.2008241505052
11.5811271562670
12.2843214025613
10.1724563157186
12.1077237573546
13.0026488388192
14.6156428159573
15.1134760879410
15.9005578081922
16.1624405658942
16.1279628055653
15.6932872027007
14.2182879116285
13.7221874713028
12.9438732997410
12.7106997406440
12.1470408297540
11.3934859654130
10.7595096510311
10.7859857863568
10.5599290686518
10.4030875176361
10.3919697021139
10.5615547355809
11.1474163163419
11.5012779533414
11.8829713645283
11.8006585668996
12.4370375158727
12.7339153984701
14.2415893166398
26.1622262164293
29.2752226696719
25.8730402910539
25.7262484168762
19.3654409663535
19.5870447962543
14.3623550696077
9.30997358485689
9.70286133704195
11.4661225894516
12.3073700451190
13.9836722354915
14.5196351143836
15.9258390383003
16.3577444452871
16.2368426880802
16.1047197845777
15.7438195646864
15.0172280726590
13.9341304182068
13.8112395291695
12.7052510858773
12.4003690205559
11.7484732821014
11.7569470985954
11.5065547700072
11.4380536681441
11.5382824329816
11.5304868674313
12.0597916103148
12.3218428690954
12.9104822738547
13.0298227075671
14.4137314532622
14.9497388089001
17.2273492484503
17.9277519091149
19.6164324218171
20.8595120417049
21.8313343874570
22.4427749583555
22.7612501368197
22.8077797197881
23.0091920609807
23.0019777371876
25.3088857928289
25.5974224169508
27.2279322948808
26.9707721386445
26.0993240939231
26.6195910000728
21.9894422664884
23.2302096769231
17.0924905677207
18.1296489385145
15.1061277318607
8.22239018245890
8.43435722395856
9.44204348549567
9.62242773303065
11.3593262428786
11.8035641834528
13.2741390530259
13.8541751929154
15.2697198387016
15.6550514191183
16.8314764539720
17.1532275438369
17.0146713313038
16.6342523290885
15.1657147646448
14.9981395140493
13.7909909554442
13.6284650301364
12.9502285120679
12.8559828975662
12.5929497152251
12.5368021777165
12.2781387118383
12.3313189416553
13.0626362841336
13.1569440208513
13.8591783755243
14.0217226949546
15.8631022355627
16.3813615260095
17.5561208280056
17.8248651952234
18.5589168860950
18.7067946710294
19.6532898741824
19.7608878410150
20.6308055858347
20.7588599120369
21.8737190378331
21.7386821807471
22.7889109177034
22.7916491349726
23.8777901537151
23.8058593057750
25.0698663203050
24.6671023759818
25.6719696630740
25.4958651677868
24.4751509322095
24.9579524707247
21.9806480858420
23.2794836165981
18.7474621893661
19.9446760936288
15.7037461857239
16.2270181776189
14.7714058817309
8.21091911534579
8.85458035891355
8.84796758907631
10.5444712432600
10.6617053766252
11.6156681228022
11.6941867811038
12.7436413979469
13.0462832580748
14.1039877419486
14.4406618401895
15.9245220172900
16.4567654403927
16.3609424681055
16.3394911491847
15.7655910728956
15.6013269888983
14.5163799794965
14.4629696944464
14.0223845429378
13.9866941446248
13.3010931096881
13.2550185082650
13.2454425778180
13.2459692924497
13.4682470649093
13.4986440990726
14.0557164054168
14.1897102029357
15.5920072551759
15.7559351471877
16.6860578632594
16.7763199061707
17.6504676835965
17.7794681286717
17.7983502812156
17.8441359562437
17.8129009494070
17.7657238994862
19.5935246401343
19.5988676005325
20.7363515520594
20.6079690939304
21.0402470001230
20.9531416519917
21.5115364109143
21.4147201050592
21.8100306640310
21.6300441694970
22.8279472932415
22.5906028686567
23.7185300985416
23.4864525107632
23.1288489086930
23.5553387516132
20.7488344066445
21.2742035988374
20.0793972440782
19.8082206465883
25.4842043231369
26.4441473923307
30.3053008190906
8.16548524609794
7.94951096169854
9.82034454522807
9.85149131278800
11.2205229194107
11.3269822931806
12.1840293998212
12.2173738823226
12.8423192338470
12.9136786190811
13.3286391942266
13.6077728265992
14.6488529621760
14.8922020776888
15.3801912916116
15.5501373680915
15.2585671824521
15.1877203585540
14.6876943937289
14.5759032248468
13.7671723875292
13.7803891145561
13.9056254565424
13.8583301548237
13.5989861214233
13.6259548100903
13.6386788332923
13.6360312647707
14.2720414475228
14.3059521056264
15.0653459563059
15.2021759560549
16.2007507594530
16.2967761968634
16.3311783907870
16.3432289243964
15.6779632299238
15.6614002955897
15.9589942526247
16.0017623234385
16.3073280722873
16.3172126929524
16.7318710832300
16.6880493744110
17.4800407870267
17.3959436162449
17.7777339337826
17.7350224832629
18.1719494188380
18.1914606997721
18.1461714102280
18.1429409942900
18.8356487117894
18.8933470036832
19.8250043270382
19.9157155806791
21.1639162691458
20.7610100863397
23.9130309054308
24.3950376340816
28.5648555011510
29.8483915424154
29.2171499029166
26.0999019849711
27.9771498703982
25.6728382779015
23.6583500884208
7.79768841692106
8.87451491010864
8.83142669907656
9.48621491807651
9.57943176257059
10.5282650907890
10.8083337454007
11.5832322721359
11.8823757539797
12.2512389796789
12.2284808918996
12.6669022742597
12.9201673974624
13.4338371659326
13.6474581902413
14.3816021577083
14.5148313686690
14.8166855458619
14.8398776796725
14.0381212586834
13.8865076750549
13.5835202839096
13.5972254050112
13.0976433147480
13.0370737025099
12.7729212074877
12.7994486939679
13.3719541213734
13.4487856968081
13.9952799105994
13.9869087815088
14.6074335546071
14.7403175929328
15.1408809727796
15.2669735550980
15.6462159406405
15.5816979690003
15.1870923203518
15.0560000398168
14.2948359419558
14.3232850186323
14.2756328096617
14.2818646940098
14.4073586159530
14.4099384940404
14.5387840326670
14.5405192239497
15.5431452675565
15.5846705725429
16.8800780382302
16.9409309459569
17.8637020574599
17.6609283006501
18.1411030159841
17.7716538140977
19.6816940837556
19.6580089523769
21.3133172940485
22.0822115101006
25.3650376768784
26.5610929636768
28.4075685005041
30.1276313493809
31.1275722676193
31.0204548690245
29.2323632599855
27.3979534433507
22.7869764655885
6.27541491804340
6.84381215530483
7.66708175571264
7.97060399053578
8.55155982669689
8.90356857948171
9.60680053664868
9.85985206612097
10.7566477462644
11.1096357460818
11.4380981135453
11.4868198945778
11.6069450608657
11.6706599669231
12.0640858578177
12.3814210525815
13.3559055243987
13.5248943800895
13.6730241672446
13.8182515665566
13.8232083819049
13.7896801462325
13.5975511501666
13.4878574176906
12.6099064133644
12.5858383107509
12.5587872926347
12.5578783820002
13.2227001769552
13.2617425230254
13.4427377395421
13.5134362680916
13.6786801855367
13.4683251788577
13.5855481293337
13.9196543207565
14.9080557376830
15.0505291847200
14.6828240394386
14.4960996541435
13.4918390628316
13.4467424957036
13.3293050446664
13.2699087024287
12.7925370545584
12.7850563949646
13.0472293390946
13.1152794211125
14.4931529316048
14.6550879316457
16.5043545256235
16.8567822923355
18.8909674363582
18.4166694356295
19.1477390256165
19.4299716782307
20.6203499741997
20.6458568041341
22.5934220722673
23.9270490472778
25.4811349234118
26.5521868565978
28.6376703294250
30.3582610836863
30.3338124741077
31.2307060591889
28.4672722502913
27.0279820352214
27.8484122630590
6.82942025936002
6.87896027710130
7.11886693297684
7.69815562731247
8.07871955409574
8.82109859646630
9.11175456879522
9.71836385218225
10.1403704487820
10.5749117328733
10.7506796728856
10.7432641261119
10.6230349842652
11.0124531264514
11.4513344765861
11.8254797830111
11.9942296660385
12.6224120077734
12.7088305218745
13.0448998051843
13.0543418353021
12.5650548534968
12.1861442673894
11.3643163803520
11.3407316752152
11.7839321912214
11.8978596603418
12.1476938808261
12.0861605975681
12.8349358044034
12.8367547843234
12.0085906885471
11.4474594227953
11.2547959859533
11.5922244465523
12.1297211850738
12.7681805815753
13.0871448832924
12.9361585818748
12.6941818751321
12.6668390280638
12.1367240598486
12.0765675175174
12.0579429866104
11.7299798869977
11.8850890557122
12.1434427514828
13.8033593113188
14.0666994690350
16.5917256955489
17.7334604143731
18.4098997531017
18.7036848940007
19.8460390537330
20.4674514840370
21.0346017878518
21.8784462974397
23.6676263332783
24.7242589464418
26.7159734771602
27.3661556052164
27.8491012747523
28.6861595996789
29.4902798482344
30.0683178174963
30.2631424256713
30.4884993745767
33.4955658145319
6.17385476155182
6.14518754498189
6.49851648532855
7.37737550213575
7.67529695202357
7.93841024310081
8.22421642278981
8.76608728114047
9.15756264069607
9.70411866747472
9.97083319629481
9.72927065590096
9.65247328406447
9.80349813276334
10.0055336486020
10.7607213548934
10.9728230876368
11.8659221744635
11.6761774179453
11.6960905117962
11.7603326720401
11.0533998272242
10.5716633981368
9.92625110290393
10.2997855019564
11.0643908599777
11.2587310303390
12.6025680364184
12.2064361198230
12.2248460789264
11.7685403710254
10.2798247542225
10.1407509620704
9.32015240397050
9.40424730072660
10.3927775729009
11.1473967631374
11.4060223133287
11.5663555541268
11.5233298516675
11.3602205370957
11.7968519432134
11.7271861524469
11.7623424042453
10.9877748579315
11.2584631875809
12.0403615795910
13.4848743190948
14.4330075737519
16.1561830722383
16.8657869224185
17.4113568412408
18.2711070926930
18.5715837345747
19.2078090042373
20.1066207884462
21.2700362867085
24.3303214523039
25.4791107601445
27.6852521428064
27.4371279153432
27.3703513268283
27.6544262483606
28.7179687429248
28.4379887525898
30.9933246805252
31.6660466870311
34.1124127890839
5.49900709885074
5.98384365680002
6.54645034383503
7.39714386749682
7.25447256423864
7.38233045902462
7.57144236685959
7.80016651002160
8.41208951402629
8.75554375021670
9.00929035183727
9.16630492264596
9.01575952132680
9.49164014472308
9.65123500452492
11.0505355525086
11.1781424098148
11.7265911645404
11.0077135913713
10.4801674078903
10.4165186555428
9.13566771040672
8.62771683102874
9.36089076416670
9.38768306780143
10.6713800899839
11.5433742837364
11.3819384549677
11.8057411082682
10.3528530121772
10.1476667672709
9.13061190398315
8.90604146111362
8.88147418673518
8.85929780996432
9.12166451809097
9.75883133963505
10.5313796658249
10.6694258417504
11.1616126537103
11.1613397324884
11.3339453531384
11.8376350289916
11.9443630334137
11.0729446032262
11.3789331956799
11.7656678061647
13.0824035160472
14.2964434865361
14.2227480589270
15.4359901642483
16.4940596245274
16.9540060917907
16.2362023882178
16.5865986039267
18.4662863768049
19.1548522729781
23.1583557243586
24.8569966109064
27.4472412020511
25.8972504511281
25.5566611428059
26.3746170071308
30.7995339436395
28.7549633566407
31.9006296302498
31.2399108843731
32.6735217349584
5.37778279810044
6.88424501760511
7.03346924744534
7.12596444961645
6.94620686153726
6.55908081577138
6.73180556762461
6.89067737331493
7.63547650590667
8.37504056263904
8.65393532879956
9.09945732261122
9.03159662428554
10.3930982155172
10.5523130675599
11.6523530462658
11.6792722408123
10.9442071034212
10.4692317345982
9.54051745818245
9.17919586074345
9.49408485073559
9.23129474829111
9.81219396395991
10.0726860763955
9.88774394133071
10.6723967318821
10.2228972799084
10.0492871675048
9.20501235998307
8.87360015071191
8.51888976332634
8.44309386817301
8.21736782198587
8.01060006402625
8.87986847925191
9.36276272592363
9.63227608682465
10.2743917146334
9.98091767134540
10.3168737969473
10.9496326510398
11.8751336712256
12.2273958831867
11.7473677821262
12.0104546803987
12.1800115912306
11.8405762287108
12.0108500266209
12.8732373820630
14.1479420073439
14.2254292014114
14.1535541768790
14.9071140452900
15.3272076045722
18.5530293974569
18.4421740980048
23.9348446013075
25.4934242238645
28.5031188834542
23.2252037916910
29.9520977921997
28.9949632604258
32.1650749432853
30.3512871745321
33.2301768309492
31.0124964560337
4.70068914291204
6.24951238764153
6.38171893980211
6.91739874719919
6.40644117660713
6.45522253924983
6.44710020981461
6.29208613872358
6.88071885272632
7.64147306925952
8.75893965007677
8.78718149564089
9.88397529423568
10.0605951304866
11.0601065563299
11.4058671007975
11.3858592605396
10.9929709531883
9.79280308228866
9.59274944111655
9.52347068785144
9.56586572527120
9.88367783737186
9.80698647673940
9.50180604212176
9.50697071812732
9.67278338784726
9.94356342593872
9.18521724839604
9.18283710441547
8.65035806165923
8.53478643354163
8.24860054731693
8.28380355179084
8.98445278723287
8.72068979109277
8.55593908654396
8.99235260740900
9.40543705487050
9.31304222533146
9.09075206030610
9.48500261748147
10.5589650060674
11.5070501138272
11.7125040346182
11.6352916605651
11.1790720623748
11.2719197232571
10.9662925584928
11.1002683458301
12.2799252170831
12.8232880109158
15.1046689683252
13.4330964884156
17.6870978499743
16.9391297893000
21.5277106645533
21.9091423098246
32.5212659302229
28.3965805094999
32.8086801745864
29.6785992132886
34.5666881877234
32.0761857364674
30.9273985083499
33.3431323450972
4.53795707099386
5.24245812567762
6.03804038068830
6.52916032615323
6.37543434697791
6.64733047347596
6.42120469474439
6.19077645899063
6.35024530985136
7.54857162511351
8.39545326861018
9.69472921700577
9.76446308874837
10.9485858745773
10.8556307656280
10.8359778731042
11.2931034092592
10.4485704837259
9.91960990434059
9.34257761314956
9.43976568939686
9.70820487394229
9.86445291697794
9.15989673996324
9.53842740948959
9.46459145603831
9.76711575167632
9.91871441709435
9.44602692955426
8.73403425564990
8.73155498781162
8.69514457461378
8.31392494554615
8.97216284806544
8.98128545698191
8.53000406418204
8.33534367490553
8.97029017646526
9.17158114063608
9.23888180321788
8.70836198615157
8.75584646672553
9.48411430328268
10.3158048246414
11.0373139232699
10.7798745637641
10.7028209652275
10.6615342944907
10.3404910577952
12.3549719974631
11.2196932104894
16.6366286402500
14.6939441357594
19.4747649018478
17.2946396936972
25.4525372088175
21.0742679282655
34.9542359587146
32.5788176435051
35.0057854316008
33.0072615698288
36.5009784230412
34.8075383110269
31.5986063414249
3.46242200897927
4.45533259998365
5.63061857028356
6.16471431758762
6.64243220033251
6.51396346845563
5.93085747601711
5.93586688671927
5.79280654580342
6.97702289066217
9.01675661188875
9.58143016780927
11.1609045897430
11.0528910491685
10.5624854656634
10.7636699630306
10.5858232441379
10.6210364550532
10.0700412529908
9.51848410224353
9.25786268108848
9.61154493214188
8.88702983441471
9.02265290881094
9.15820425533804
9.23394996960406
9.81746805551441
9.95960138857556
9.60626447652868
8.85517473770048
8.42132874601498
8.64730555692914
9.19904306145551
9.01807733929564
9.33611929113818
8.58394114161007
8.63881088777293
8.68154833105967
9.18614907192955
9.16514249633289
8.95720981811849
8.37134394414474
9.28861426608373
9.52647873005724
9.50588909156309
10.1122486930096
10.3534415833684
10.2819868118655
15.4787570808231
12.3308757112088
19.0669965872172
16.5680563465887
23.0383675567828
19.4960875641659
30.9022002800962
25.4887264394525
34.4575869293257
35.2048377039529
36.1434857204022
35.0036091397026
34.3642633066987
36.4374417081479
3.16640405567750
4.79547640914888
5.30416411609281
6.03660196555546
6.46096567624051
5.53544581336547
5.79429442024517
4.95836131311086
5.09035326857236
6.58350070374945
8.39357312886527
10.2920057882429
11.1534187065330
11.2245381674584
10.8209523101635
10.6310001512988
10.6633511172648
10.9547701760322
10.3626362925242
9.19917638007155
9.19694249415444
8.87709127824272
8.75569153660659
8.84940212639870
8.94184913547952
9.13565626273089
9.58611573603567
9.90513050088242
9.88205586035990
9.22354559712287
8.62789646228028
9.05451206583450
9.19315797757305
10.1766027215396
9.62362478549760
9.08735474571392
8.73670953846794
9.19232422028784
9.17892606693103
9.89752273803296
9.09527691416780
9.73419656198990
9.18716958465942
9.00457596227602
9.15159368966280
11.1743312864832
10.0672969729423
20.9063189993912
15.5018629355276
20.2820802036894
19.2091191174992
26.4019285349558
23.0175171479315
32.0558078868416
30.6257619072219
32.8975674894972
34.4515298176158
34.5685871550657
35.8942778524922
32.1241459986599
34.2131279315743
4.30753179758278
4.69462818339561
5.35464065267848
5.91756917540688
5.00056332561331
5.41715211928916
4.67294947556138
4.88327252690013
5.30696392584088
5.74662676829176
8.13783251415109
9.51745859309249
10.5460428775521
11.0317279111378
10.9213897967581
10.5806284802117
10.9005367812621
10.9944465010202
9.75866268904252
9.28558351551946
8.63801497102659
8.82446577293474
8.76885940526844
8.83376347154159
9.13866214023850
8.94030200687737
9.26655391112027
9.66102432393917
9.90232380709307
9.39058221114065
9.07710292921024
8.96314204855185
10.1870928676393
10.2324750802646
10.5263294097597
9.27104668402873
8.90446417180510
9.04175031142322
10.7219809706512
9.95508090022705
10.3820780296254
9.74781792718501
10.6848702313197
8.91362178062528
13.5762304083508
11.1295550185920
21.8589749632186
20.7969861474162
20.5749943428986
20.1312699280779
26.7300385973106
25.9983718354073
32.9966793548383
31.6631403445747
33.5699684596382
32.7668453459708
35.4304342920496
34.6017493579119
28.0142263911428
32.3473925717370
3.45569310025877
4.27675983985631
4.68377919602739
5.36970186232954
5.09296424706321
5.12190852890672
5.13384800456441
4.74153957837781
4.91888200802219
5.05870513632445
6.23769589240061
7.52203114121687
9.88434119502443
10.1933691432324
10.8128708179289
10.7819036347036
10.1237929474852
10.7203168711699
10.2571760624344
9.93445295311275
8.99482337524319
8.62634239928059
9.05904123221040
8.58362381125598
9.00988986576382
8.89450027938923
8.77934924398991
8.82666597811718
9.91078415214503
9.69826513325883
9.28803828131498
8.83952025744861
9.51259281108992
9.87256074477300
11.0851062115285
10.5814933197116
9.84319460184270
8.83541498020863
11.2452849104171
10.6584034849145
10.9089567788194
10.3411666281946
12.5639766846405
10.6958462052434
15.3824174943128
13.5093565966973
18.6242555341236
21.8327306831821
19.2229624180496
20.4555697468896
26.1136750294799
26.6594160756434
36.5923858367988
32.9182731520894
35.9478125600376
33.3996700359882
36.2719874997630
35.3157221982959
28.2485527676323
3.41377346117824
3.78497787164048
4.42208796615262
5.03279795294196
5.04099561851608
5.46114143756870
5.22065081236842
5.14118515836140
4.88526042160189
5.31167092996873
5.65302256066967
8.31893613525801
9.49895460116311
10.2678761681788
10.6725341883241
9.76979443553665
9.87198091287827
10.2311343365117
10.1524329129151
10.4038903056318
8.98692027461851
8.42717622019507
8.85501496282366
9.00400557994817
8.91877744350143
9.33960285579605
8.65310843870469
9.77056251795494
9.73714407829738
9.32346784931977
9.19230083044390
9.05492609239778
9.32700260539288
11.3444322908492
11.0425903761043
11.4924361857237
9.88806283563879
11.9995992327400
11.2207992577791
12.7928310930343
10.8994771933714
13.5681886595838
12.6086491050530
16.2523952429299
15.3732084904515
18.8677725460361
18.7529528806935
22.0405619445358
19.3026072826665
29.2036763042641
26.2904821860056
36.2776346964333
36.8601627553035
34.4231615374538
36.0847488718657
35.4875387882836
36.2369565241166
2.67977043195123
3.33886125128365
4.90549795080568
4.81285409242021
4.90516425853889
5.31851919420369
5.04548002849344
5.14040697987686
5.42556196949431
5.24455292156108
6.90396990487943
7.98417603048199
9.74675049196901
10.0580207818774
10.0337215512328
9.57892485721906
9.59828595623543
9.98470922212590
10.6195180121388
10.5212405384153
8.79635228938327
8.46511164695356
9.71811364803327
8.98601106416379
10.2918552486908
9.32236233202067
9.71381105113193
9.67008819493832
8.70632702610968
9.23105995070794
9.52214567199144
8.96229060758175
11.7611741601059
11.2676418162234
12.7549247179571
11.4958783899696
13.8718591841142
12.0042896424416
16.1415428037026
12.8179328443827
17.2095167773498
13.9089694803264
19.0477788988866
16.9763225968771
25.0246306755256
19.8165644804636
27.3203683333000
23.6228071659095
34.4447040097372
30.6017386570067
31.8174891985521
37.8421368657762
31.7535694000415
35.1978960918059
31.8297134325189
35.8329475913313
2.58745852432293
4.08134088577333
4.87526068738299
4.95483079435462
4.96623276170907
5.37104013224774
5.08472123449897
5.61027531642608
5.43318652974523
6.06256375036753
6.64460556009304
8.99358046309493
9.57774656149515
10.3541366057788
10.0446685842363
9.18377918863655
9.48035919687749
10.3841744375466
10.5784816410547
9.96010058875766
8.85952106645034
10.7957190072362
9.70980959321838
10.5609800245844
10.2824811672405
9.47784804421849
9.69422009326020
9.44903521589919
8.64901541205971
10.2251932845297
9.48948449092053
12.8680180799059
11.7571051025696
14.2468230092447
12.7928766751365
17.9097779848809
13.9211891459233
19.3636652595450
16.3380589098678
21.7906294232945
17.4364367333490
25.9222760157411
19.8423066578477
24.8900400592503
25.9967313907890
28.4458125656325
27.1172988669121
31.9269019277297
33.7458991797591
30.3473196254789
32.0387656756632
29.7508909044970
32.2161313036370
25.7476546591827
32.3301227617362
2.84636482883411
3.77143330848719
5.06855580455419
4.82870618837214
5.32061580792364
5.28723692864084
5.54872703801257
5.55930819459958
5.81826464191215
5.89886174141940
8.01093315659466
8.79373788975768
10.0895062854115
10.3053395677075
9.18802358877639
9.10414493274713
10.1542590493125
10.2683709041330
10.6454488746573
10.0225494189642
11.3640919856480
10.8600266902396
10.9985597337337
10.5971506504718
10.8205784379337
9.48377453719830
10.4160561664272
9.45051439320162
12.4325964880485
10.2501122241372
14.1176755223441
13.0003475070022
17.7193856529989
14.3821815488423
19.6298079754647
18.0015724261286
20.2885105522456
19.2255986460133
20.8494458814508
20.9863293404497
23.0990727537231
23.8559843639633
20.0288040668823
22.9154736337819
27.8430846692758
26.2890510862161
30.2045565697162
30.7603561625939
29.3727814609338
29.3636501599014
27.1774354181302
29.1810135012269
24.1071292542493
25.7300566652027
2.67213549322551
4.38111282284766
5.01949007389153
5.09038847258356
5.36444266073082
6.04085259076939
5.64227036266641
6.40070258775040
5.82912862193199
7.37601586462176
7.87555572381898
9.79425497289776
9.98558284129598
9.29382383297264
9.10005540747534
10.0788929699964
10.0438080721823
10.9820993836288
10.6083692591822
11.6956518927253
11.3464350128633
11.5218220352683
10.9878831753574
12.2181224334121
10.8195542281192
13.7386517352457
10.4122461125733
14.1484151189797
12.5661478912923
15.1795326860771
14.3296399810674
17.5358728210163
17.5635249212098
18.4500686921387
19.2301701437032
17.4345873160940
19.6271863823577
19.2216387016106
20.0588744288532
21.1410055029117
22.5131964732475
21.0886750443302
19.7004017055243
26.9790564888709
27.5449104867611
29.7074405264078
29.9961230553056
27.9284142587339
29.1532071747576
27.6727889054506
27.0866984361042
24.0678734059077
24.0730262847372
3.30454614787857
4.26895459687145
5.22434398759759
5.11916126628287
6.48371835476911
6.10793913389792
7.19089072079305
6.46256499764201
7.23030546870439
7.32926924457811
9.51854487412697
9.74933894216012
9.31715491840521
9.27411377540700
10.4374678569617
10.0607301227172
11.7775329223973
10.9706303073525
12.6236438394500
11.6860439463111
10.7712327509827
11.5396592326753
13.8713792840056
12.1930546555787
15.0972631464661
13.4957995849178
13.7662580344231
13.8163418856407
15.0542936831813
14.7356400813214
15.6065032143799
17.1999194413745
17.2540281317293
18.1472661386797
17.7746470472317
17.3154180412374
19.8463875435940
19.1823594885250
20.3857357800027
21.1685595041527
20.3480105195298
21.0550873249314
27.6060150340278
26.9704091264336
29.0009066741683
29.7067435145816
27.4714772769266
27.9237731050310
27.5826770367637
27.6795605590817
23.0462873027444
24.0772840567050
2.31380438884116
2.93403400371076
4.68829911773361
5.07479906486644
6.49234473144819
6.46062922671102
7.45474459927877
7.22770755917300
7.70544019218221
7.24260258946285
9.47640623767103
9.49616439491713
8.88428193193562
9.29666730419449
10.6746078056185
10.4514855989489
12.5152174413606
11.7914284650738
12.7111874965667
12.6058547028598
12.2497942836840
10.7704387297570
14.7214109707134
13.8471576269300
14.3443196012470
15.0039983008972
13.7764823778521
13.6296826125573
14.1553929688195
14.9102718937689
15.8211209048695
15.5654436025315
16.1358184702878
17.2562240390589
18.6461192851711
17.7549712672384
19.4491572858088
19.8122196507828
20.1083197872334
20.3760053693000
21.1156251312737
20.3481937201830
28.0761655508467
27.6041278461428
28.2971842677862
29.0035848278907
26.6801283395422
27.4653379512661
26.5680256991738
27.5824895147972
23.3474448583820
23.0477042820328
1.96970858602788
2.21672327456633
4.16247608765633
4.60448250784353
6.25686347409192
6.46397253100760
7.46646414875983
7.46404613726331
8.31520263146263
7.73904056863186
9.35523083234074
9.47602267028992
8.68282630621116
8.86898825370618
10.2603708700429
10.6788460731888
13.5522177864843
12.5506862044303
12.2364853543515
12.7136988169783
13.3805621305400
12.2287694222391
15.5912842874565
14.6475711174915
14.1974376756496
14.3289654171183
13.7228570141950
13.7488979962559
13.7605752839996
14.1578559647967
16.4575183966797
15.8090761819672
14.8598920252595
16.1514464290702
19.1486365025622
18.6420740321261
20.4857796640256
19.4488590536657
20.2426480534922
20.1226867964566
21.3041871060032
21.1266349417288
26.5920754400959
28.0791442827532
27.6394792322149
28.3008132455380
26.7765608130926
26.6904393211219
25.0131808405442
26.5457793370511
24.5589442025169
23.4129481731570
1.94965748751537
3.98262515418708
4.11065877814075
6.18992046334620
6.21030003927920
7.31247883520047
7.42907503068358
8.07614455089180
8.31599824725801
9.50084767118824
9.36105938179978
9.12055854286203
8.67397194005169
10.3253656302073
10.2181801086019
13.6143079341830
13.5509564491029
12.1447976055843
12.2226064158792
13.6113272916111
13.3805562266698
16.3133079449609
15.5708239808251
13.7662436350860
14.1872931526104
14.8948510706029
13.7079596455974
14.4339134064711
13.7855537811392
14.5180824837582
16.4889949442035
15.5626037833610
14.8593331350494
18.2457628576260
19.1508188937743
20.7884963350389
20.4735669694374
19.8422522095289
20.2257358084844
21.2979821700868
21.2907864869873
26.8322070688870
26.5962854882885
26.4505661886291
27.6279378816466
27.1272590572099
26.7982773687491
24.5037938267936
24.9528037957932
24.3464736995963
24.5752028772109
3.93648904687814
3.96824564950656
6.39968952023176
6.18151986668339
6.94811554647379
7.30044730433212
7.30868875868430
8.05704846950619
9.23842147310432
9.51709432065195
10.3393394820707
9.16959863391141
11.0534919520697
10.3254637805865
13.0044050944848
13.6185954662949
12.0841909395454
12.1440040763764
14.2077955211827
13.6122305581281
15.9628950483245
16.3084374219601
13.7871452358832
13.7654859971607
14.6582470118243
14.8666593530765
15.9435049513464
14.3751833073145
13.6407100263643
14.5411783196702
16.6032729803246
15.5585514058802
17.1311940487587
18.2613507804644
20.2105686485874
20.7880215916813
20.4332050599588
19.8427745260437
22.0121547683004
21.2925512780441
26.1690064222760
26.8297520685277
25.8612399227644
26.4168942803094
25.5848860757559
27.1123611103019
25.9204415684402
24.5321445682346
24.7509581552688
24.3016303532911
4.05427548345298
3.93582822086240
6.09367288523163
6.39965578454815
6.76095211917684
6.94871749144085
6.91896932161237
7.27870429202373
8.86279308920433
9.21028663197686
11.4074087395226
10.3756056419426
11.6612312651180
11.0487152146257
11.6249113050159
13.0066587588128
13.0159178630775
12.1058891251039
15.7716540510914
14.2060366155741
14.8592293931289
15.9893907748109
13.5154620933856
13.7877620764017
15.4558720125975
14.6570751326835
15.4220272958753
15.9276119689982
15.5312593289895
13.6390847002269
14.9634231530523
16.6288975499672
16.7532975211207
17.1315113355458
20.1983628667103
20.2070898671624
21.4656927668378
20.4347986241100
22.2463895879191
22.0123049967537
25.4530651843240
26.1713883980218
25.3951637240517
25.8526901515264
25.1108387466354
25.5206147763911
26.3939081705323
25.9194174777310
22.7626178299228
24.7496589227814
3.87481001005392
4.05475338162057
5.54346148391721
6.08901195770203
7.10549102290804
6.76213791273280
7.27113820430994
6.89116996730741
8.06822529421476
8.81961766959796
11.9241015739092
11.4136549878559
11.8638243455328
11.6583552473125
11.5999574401522
11.6026059560660
14.6423854734216
13.0156369145395
14.2923068181735
15.7813120785297
14.9601362552011
14.8585610326946
13.1560336289131
13.5158424173887
16.6330632058934
15.4498452898938
14.1243979109932
15.4344736335551
16.6953992994201
15.4780846553644
14.3550917595306
14.9716315120909
16.7228026686896
16.7527844351381
20.1333982898886
20.1971953183040
22.9438865480388
21.4614537471532
22.3108294777569
22.2556509693239
24.2663253254365
25.4642287528407
24.7358030933300
25.3913425513448
25.2918210258960
25.1064641030385
25.0578472739729
26.3953125898842
23.4856875538708
22.7316385071950
4.00460450866621
3.87974009173007
5.33195847741598
5.52954986531520
7.10703924643903
7.10719051716491
6.88430423541962
7.27393372584926
8.37742092803771
8.07280635996287
12.3454984896126
11.9269142250196
12.1308776779918
11.8635741576888
11.4854719409274
11.6010079876162
15.4555609093836
14.5990188239085
13.6772753832087
14.3060455779632
14.7249604940604
14.9606128549966
13.4877784414322
13.1553585588475
16.2771710156796
16.6216283272095
14.2182897548887
14.1220934458566
16.2735464680196
16.6870052281755
15.7083694499540
14.3590545194041
16.7778256540133
16.7307530609763
19.9178271683834
20.1384603334212
22.4248260306725
22.9283144239164
23.4351693158434
22.2938098764301
23.8018572822660
24.2725810719650
24.1011269038456
24.7290565886208
23.6055523562279
25.2887611823453
24.6054351906104
25.0610288655447
24.6388692330348
23.5476342984962
4.39922588353521
4.00305707837119
5.73000393918288
5.33390072032131
6.33325598546560
7.12466731818287
6.92350580020417
6.86555246622802
8.41281862150669
8.37267083596643
12.3633677559865
12.3458449511246
12.1522904802032
12.1297191201696
11.5154438757065
11.4854084619853
14.2660258837381
15.4417894315852
14.7632500092213
13.6977201792134
14.6728452193446
14.7250246215267
14.4613388951274
13.4863992994680
15.6705235491277
16.2851925186727
14.5231187454664
14.2184943415618
15.6039326510575
16.2717786035489
16.4854259878344
15.7003089423787
16.9474978033111
16.7708463867245
20.4956736778182
19.9176505659343
21.6703837778600
22.4327509163296
23.7383048427143
23.4270186041175
23.9200362935059
23.8014934970712
23.6434362340300
24.1006739595562
23.3646615340292
23.5543192992095
23.8582569077659
24.5296271536551
23.3451028118169
24.6256004265915
4.28888572980719
4.39157932094464
5.43764331804402
5.70489386926437
5.66088361800433
6.33579906260225
7.68990409311837
6.95538523085473
9.45224510859023
8.41365414451795
11.9188028296884
12.3760735509100
11.8835938521919
12.1542644158504
11.6331573735334
11.5151019587593
12.7490879460763
14.2467388686119
15.9666037448491
14.7954304164922
13.3634504483309
14.6735355457068
16.5102593105815
14.4944845870642
15.4444448063152
15.6726834937260
15.6531845120293
14.5207108295468
15.0198389889345
15.6244277968086
15.7714745333886
16.4873398691047
17.0302413131891
16.9439598687847
20.6598772850611
20.4847306905637
22.8366090872045
21.6703826018524
22.8190916245876
23.7460559168540
22.9950187091502
23.9185222822904
24.0489952823434
23.6552246990251
23.1084633330547
23.3685423533948
23.2656601302010
23.8560719510007
23.1052125086894
23.3066858719528
3.88140011554691
4.29202933140019
4.96571785116538
5.45295562972129
6.53390960245309
5.67977577019690
8.11517335228020
7.69086278559880
10.7442700091777
9.43591917049889
11.0647992051613
11.9557481101447
11.3155286501131
11.8890857391651
11.8297423640437
11.6327308239450
12.5780046015145
12.7123817064091
15.8176008197805
15.9660599912424
12.6620394414571
13.3186384121342
16.7122928700398
16.5203588833559
16.1085961154565
15.4535465883944
16.3604969309709
15.6301327373399
14.9106386054931
15.0183784667999
15.1416107831730
15.7733372158617
16.9105800072330
17.0313608664866
20.6909535086211
20.6631106949114
23.0191804732855
22.8291671597395
22.4620050400712
22.8212254758198
22.6115728040608
22.9924855373274
23.9761539899605
24.0629459339297
22.9604694120507
23.1216604413963
23.0536606123125
23.2674738222201
23.3373702199353
23.1078821219784
3.75859515545221
3.85425073493673
4.39027862654055
4.89716931162884
6.86856165947347
6.53754193528329
8.45399615352892
8.11455212604864
11.6474532535702
10.7006607647916
10.3224616576259
11.0877057830724
10.9343212283892
11.3190131019636
11.9341356681083
11.8294180334483
12.8593655505670
12.5781099526171
14.5321013968078
15.8185854024653
12.7418136897486
12.6659448640456
16.9845447781883
16.7178023217251
16.5689296589259
16.1164285740631
17.4187175557445
16.3573779353267
14.6601736826539
14.9161614762126
14.5338299005420
15.1436838027572
16.4847988948960
16.9087496242385
21.0465577989389
20.6947388610002
23.3922524736947
23.0200451675878
22.6891916842271
22.4550746495893
22.1655699572761
22.5941728216870
23.4740354055646
23.9574929637632
22.3148871774485
22.9428010352267
22.9710778356179
23.0463271630350
23.8462957608604
23.3426201910241
3.62466317811493
3.75997996310255
4.41275995401583
4.37915270046410
6.76034270352207
6.86871625719917
8.58099307064512
8.45199970652816
11.7239216112827
11.6184382842499
10.2974642475675
10.3193878622664
10.9267216735816
10.9349837307718
11.9223766823614
11.9343316969751
12.9811474294956
12.8571916188280
14.0420944856189
14.5168867351777
13.4343964916456
12.7267034257218
16.3921294948686
16.9793145294530
16.6598022538635
16.5690776781186
17.5036542571800
17.4122096907592
14.9238952473263
14.6569141314645
15.2626226935576
14.5334384272492
16.1309687970529
16.4854822700425
21.0242416530283
21.0451960701251
23.8904747185428
23.3921872126167
22.5786965440684
22.6923612857071
21.9752060406395
22.1655759554160
23.2043834330538
23.4639824586607
22.1335374476268
22.2842760995377
21.8158951036788
22.9372554711595
23.6388216744206
23.8549164713369
3.18222271241456
3.62822086511630
4.75773422956775
4.41460760359706
6.50427900176106
6.76147913366185
8.67625551067079
8.58057878145631
11.2416374215092
11.7225937502749
10.6277198653932
10.3016727144484
11.3177061097794
10.9266848895262
11.8298935361636
11.9228717260664
12.8571241159354
12.9803245493243
14.0938889585493
14.0408413905343
13.5703268001363
13.4317832814095
14.6759604995476
16.3912115165622
18.0027622919530
16.7032042490176
18.1032989578493
17.5059415172255
15.3368819554863
14.9241534408498
15.3627528289983
15.2577395979038
15.8885797705755
16.1338609570665
20.9394545063224
21.0242100537967
24.0058895628696
23.8871403467422
22.9517783210982
22.5766763524957
22.2213064060665
21.9766507121979
22.9364287471148
23.2074922394983
20.9239475924494
22.1331508876622
20.9040093043669
21.8003794523340
23.9706311511940
23.6451497649554
2.88256251953482
3.17882427437847
4.99130957582190
4.75916652142263
5.95398068086035
6.50407495762789
9.04410194180605
8.68303718900563
10.7231453177849
11.2380379166093
11.2428564211335
10.6374781922445
11.6314592521388
11.3167464941458
11.7368488604023
11.8304787228602
12.8345811856803
12.8572331960557
14.0732350763219
14.0939030732460
13.8339876270073
13.5702006263832
13.5033886616062
14.6278477938300
18.7264964494753
18.0131080999578
18.4018739932396
18.1039852418078
16.0295500405375
15.3320720763167
14.7521224172006
15.3636286460520
16.3818353522927
15.8869792448417
20.9938234535683
20.9407706864943
23.4515487054847
24.0065574183353
22.6389489508632
22.9508621279777
22.8985182832937
22.2218746824521
23.0425599056225
22.9355311207726
20.3514809559778
20.9139059077043
20.6732962298308
20.8645260364249
22.8423645933007
23.9500789072855
2.88338968688169
5.01255514295377
4.99405497526423
6.16188714548053
5.94422583834880
9.13781775940470
9.04370048878941
10.2310028962442
10.7142339745627
11.6003534402843
11.2456114738190
11.8405160173759
11.6304005754182
11.6961116685181
11.7370381663434
12.8219414532369
12.8346303986712
14.0584594121914
14.0732561131178
13.8623870239335
13.8330308653809
13.9099692597951
13.4877740773331
16.6677771531583
18.7271156367089
19.1777917703354
18.4455178858411
15.3419533423286
16.0404023513985
15.1680401958545
14.8085685064290
17.7649595453237
16.4126496145099
21.5132851061097
20.9927034246107
22.9078912890309
23.4509962927296
22.2169632270534
22.6364195652139
23.1175956200453
22.9075744625910
23.2285884544040
23.0487010449441
20.2187639144950
20.3521546496676
20.7479982247716
20.6731563476986
22.9325503991233
22.8038751690176
4.91411799934332
5.01255607769205
6.70657556626918
6.16561299459887
8.48988433951064
9.13910037410898
9.97001967516965
10.2315917170478
12.3175583236562
11.6092952697564
11.9038542084915
11.8399237845473
11.7185300069771
11.6959715315196
12.9081554615957
12.8219248221852
14.0149590205335
14.0586665833359
13.8882056453190
13.8624029647407
13.8658739903393
13.9072843899102
16.5136158417779
16.6211559079619
18.3984371909671
19.1644465951926
14.9709416235104
15.3069787060091
15.2616374997048
15.1659297748574
18.5478105383990
17.7910162796158
21.8184134441596
21.5180323658513
24.1456380940671
22.9086809016654
21.6721404086278
22.2154806098499
22.4342723436937
23.1125417837587
23.0573082675177
23.2289113656830
20.2564269417643
20.2200486414484
20.8638450044922
20.7499440227548
22.9163322130069
22.9345431515114
4.86293421967849
4.90931896070546
6.98317579193956
6.70503708664158
8.04308188130517
8.48633535146337
9.87549873391373
9.96108911441196
12.3116544627870
12.3196390222017
11.6335841909537
11.9065490729022
12.4679092265328
11.7279884272986
12.6063087709932
12.9078110642788
14.3804959915684
14.0163552330439
13.8967486457176
13.8881725556101
12.4415011106128
13.8658694207199
17.7986509482348
16.5443120404645
17.5220668524726
18.3854457772470
15.5851126354106
14.9601194074899
15.3697737737834
15.2377745592615
18.6790322849532
18.5458736653785
22.1114869170576
21.8188465146854
24.2231441927551
24.1402604647564
21.5619346347475
21.6717593736373
22.2336089420800
22.4324506858312
23.1456323792477
23.0548562933670
20.2688680390555
20.2530405676203
20.7652011136588
20.8620193020605
22.8497324587101
22.9155521879577
5.19567221953813
4.86654582712178
7.25071776086436
6.98227836097861
8.06300745154368
8.04393746017837
9.27133123077442
9.87541199469257
11.9170504399875
12.3105516771360
11.9747915634685
11.6342955094698
12.2627219081289
12.4703380420717
12.4699353167852
12.6117996446385
13.7200954369838
14.3901873505826
13.5971465208476
13.9354761945932
13.9356501359424
12.4709095813898
18.0717017589538
17.8006571008054
17.4600376453766
17.5057967488637
15.5775037438397
15.5822704429757
16.0965472204914
15.3686329915588
19.8924646236878
18.6788176554434
21.3003654258391
22.1319658876513
23.4374369683656
24.2248155738302
21.4554519352417
21.5626904739313
22.2151364928989
22.2337106929445
23.2553056771375
23.1471189442453
20.2377497573292
20.2691746571905
20.6998003823855
20.7645887751362
23.4073060693587
22.8489687732955
5.69030515437432
5.19842379119253
7.37478198646438
7.24962270674340
7.61953499027896
8.06396163116912
8.44000419763466
9.26957235293932
11.9931015265367
11.9239428525494
12.2427266267678
11.9864612403591
12.1349474800556
12.2632976921111
12.2116774287150
12.4702535051924
14.1240555365991
13.7015225087817
12.2897190187456
13.5431612272370
14.3784592796908
14.0009011492097
19.0872032358562
18.1052458054360
16.8943818874690
17.4644134129839
16.6748251457442
15.5999947593830
17.5139507389419
16.0944627536852
18.6232829837627
19.8798955092474
21.4213546767298
21.2972799763091
23.2426243754452
23.4365124655880
21.4030872292727
21.4547223400350
22.2013730723071
22.2146724984754
23.2126100074310
23.2563605094682
20.2777388869426
20.2392361294048
20.7634399904028
20.6997732826696
23.9790691971847
23.4123919617454
6.23383052592456
5.69180140207011
7.23589040641423
7.37190200129700
7.12425843138661
7.61969268405285
8.30354745071105
8.42088370630714
11.4748909522060
11.9849041092088
12.2174749247632
12.2574657625896
12.0115523947674
12.1487412346587
12.3392088516838
12.2232525571675
13.8034234731989
14.1412321104708
13.2056317634565
12.2627478707118
13.9933375407114
14.3432705753763
18.0419202494887
19.0960991919440
18.0608011043130
16.9420359490898
18.4931105956791
16.6902490286979
18.2019388846412
17.5015082921293
17.3110533336383
18.6465554681553
21.4259364702159
21.4212869240042
23.0490705650742
23.2412736859445
21.2755759723900
21.4021842106195
22.2272045409011
22.2016032105749
23.1988326376886
23.2119032343820
20.2690985960307
20.2777295821606
20.7337581626052
20.7645401898228
23.8137556998311
23.9861611975078
5.45070707576991
6.23174990227601
6.70019177006168
7.25440725932000
7.26227741826929
7.18129990579469
8.60956222942696
8.34240050811113
11.6441722603454
11.4723100247833
11.7439991830100
12.2071028993188
12.5229006775766
12.0144811331364
12.2870959274096
12.3257760082606
13.6450033266624
13.7756731563802
13.1235079854965
13.2190139466961
13.3985079833827
14.0002021518304
18.5185899527269
18.0248694629995
18.7859928632238
18.0711163116757
19.5824434124688
18.4909675937202
18.7619390191133
18.1783221755713
16.3509633130389
17.3245867866526
21.5258255190123
21.4259869265681
22.7797575891355
23.0478911950212
21.1752636614091
21.2743677248534
22.2281712232353
22.2272597846115
23.1886965825067
23.1987036145495
20.2566270653864
20.2689797984103
20.7305287533386
20.7333164490209
22.8409867113834
23.8098842708765
3.64085952343885
5.42737286282407
6.97490806180525
6.84682482548784
8.05095950184949
7.38136544793258
8.98031174419634
8.64708332670504
11.1961638258516
11.6582220102006
11.8818604992681
11.7656933167619
12.2768275254659
12.5569078545600
12.6592305946128
12.3416204647792
13.6778945109675
13.6695440888861
12.9099920657069
13.1453455711508
13.7446495881336
13.4019276768589
18.1498902310727
18.5265206779686
19.7364282883788
18.8301536136069
20.6812540927604
19.5932272190355
18.8648911186691
18.7491752087406
17.9107676154701
16.3513196645719
20.4306802660510
21.5508445387036
22.1377389848172
22.7794481964374
21.0957768199428
21.1743856684933
22.1733648966362
22.2280617800885
23.2211788575838
23.1891842507223
20.2470482650691
20.2564891550099
20.7111128201542
20.7304868009918
22.9318644848773
22.8126807599783
3.30313148534560
6.06355802602948
6.83861748729369
8.43464802093996
8.10329284584473
9.21140021082113
9.01657773466063
11.0282479774264
11.1818799893275
11.8980601870125
11.8862353016730
12.0448561574960
12.2604015642190
12.8690659432988
12.6802645908381
13.5093434953395
13.6854119559364
13.1808420420915
12.9149367804677
14.2605559968589
13.7529828754079
18.2297376809076
18.1186399417203
20.6374002005155
19.7383694576273
20.6787588730972
20.6816509550183
18.8278924193945
18.8652185364883
17.8944475938551
17.8751008225500
20.6225692690555
20.4302691367218
21.9894310996424
22.1371042381804
21.1191205380106
21.0955053157831
22.0477047585955
22.1721186822463
23.3431240026234
23.2219230393680
20.2805206190844
20.2459046143890
20.8194208066450
20.7090817564547
22.7545162040307
22.9302397719299
5.17241691198328
5.91380733189735
8.41609907060854
8.41869001963110
9.52597838522925
9.21388899618972
10.6765800062168
11.0010179249709
11.5994331066255
11.8915273267477
12.2582787773522
12.0430488988680
12.7168031436420
12.8658824685994
13.3094982147185
13.5040202037253
13.8178373085423
13.2081916158393
13.9832206509234
14.2730789996859
18.8223006961883
18.2551340045107
21.4196806593338
20.6531514807529
19.4060020233314
20.6803542471209
19.7640184380949
18.8681838931642
18.4780005170234
17.9040317088319
20.8331648502822
20.6239718969252
21.8448905427974
21.9883731461015
20.8692228461666
21.1193285343067
23.8607888217554
22.0499078720169
22.5057857557611
23.3505670038568
20.5423193609589
20.2780996602531
20.6750187451427
20.8190384626937
21.9105036224214
22.7488793728662
4.14982715064480
5.07476254504289
8.18822934149870
8.41356383240915
9.66645371051823
9.56449525564915
10.0154368813706
10.6828143501096
11.8850858934218
11.6423710692130
12.2063656240612
12.2916887861698
13.0219212061376
12.7466458660214
13.1300280597245
13.3020553253098
14.1424760001681
13.8618601439794
13.8892225057069
13.9904632709202
18.5897397597940
18.8542492468305
22.0291364292543
21.4745964947718
19.8772093689065
19.4040305584286
20.6038310605830
19.7741105496642
18.8504148062460
18.4790471460318
21.3646107188389
20.8329966552463
21.2231288027989
21.8444800751591
20.7250442166068
20.8650597966249
22.6387533292673
23.8529907026518
23.2489303733789
22.5438780637484
20.8263478624495
20.5553758596293
20.9290870831051
20.6841089994424
21.9184518795658
21.9114516620682
3.04648138660426
4.01937785136545
7.65437192108865
8.15281046629164
9.85779536780245
9.68742598544370
9.65325144069595
9.95173802035728
11.6433924674621
11.8791628666877
12.1181006086103
12.2142278550923
13.0985225786514
13.0603999674164
12.8973925118613
13.1515801876353
15.0003427832653
14.2061882167867
14.5119093653144
13.8809374514136
17.8028878612477
18.5432438642140
21.7395575000616
22.0421514384880
21.3387142829196
19.9276617537297
21.4043859211048
20.6117963873454
19.1256714728012
18.8505621087059
22.1931354739091
21.3628362945965
20.1535751287525
21.2307379767904
20.4136794289149
20.7233128242954
22.4089548534625
22.6071489200223
23.5188122312454
23.2440851902138
20.9180665172947
20.8221142930993
20.8843124178161
20.9278300938485
21.9037065193480
21.9179091458377
2.40862746330305
2.91490316250733
6.90853536206669
7.58051937434080
9.66739488555703
9.86613693314530
9.58176653494400
9.65261365754179
11.0959402181440
11.6269607785543
11.7534147118740
12.1474228166916
13.5168205282824
13.1761558056458
13.0624809430566
12.9092328809557
14.5754324068345
15.0565601613128
15.4423216527087
14.6546366439025
17.9568201924975
17.8215583751891
22.1466290180425
21.7319373923896
22.3258946477325
21.3649717492889
21.1719352484717
21.4112806832764
21.0547453640058
19.1398668903563
22.0856746970932
22.1910057339077
19.2339090562981
20.1584379495100
20.1579626012488
20.4110322463438
23.9926989155263
22.4056390200503
22.5896654360424
23.5225462454362
20.3588185346675
20.9147336605633
20.8789124300888
20.8845737210151
21.8581813651096
21.9038422594283
2.35139936014434
6.13829130828401
6.81786565987437
9.42005601773474
9.62423429891743
9.21910082544275
9.54708394210610
10.4184409009266
11.0349820039336
11.6234299510073
11.7105970578701
12.7271662629814
13.5294010338233
13.7698856092577
13.2053329432288
14.6580005508263
14.5783220386177
15.5092684878369
15.5094876043627
20.0103482764445
18.0223194024641
22.4633919608954
22.1254925256568
22.0049780686465
22.3248707396532
21.5579393448004
21.1724185947570
22.7470156709128
21.0522213282123
20.8950891137770
22.0909272665368
19.0904317489108
19.2338880852941
20.4618255201281
20.1565177450101
22.3081850692487
23.9848805848101
23.2038075257153
22.6355391437760
21.1233345821349
20.3805721666419
21.0152319938214
20.8806304869166
22.4152916940687
21.8568547432033
5.49462177193954
6.05619174116109
8.75615569661201
9.37117490103920
9.20004567728867
9.17670921819038
9.83506328171566
10.3016381727066
10.8397271150415
11.5467760745849
11.6363658234270
12.6156761590926
13.6918826457780
13.8854676862634
14.7035527406953
14.8068748255673
16.4372511525297
15.6664031722539
20.6173149821981
20.1457204532358
23.1607238643667
22.5531626411247
22.8066312194888
22.0543102826580
22.1341215985617
21.5814010354322
21.3427268730375
22.7485671826344
22.1372751363884
20.9734867053554
20.0101237713077
19.1131406157225
20.7818620771030
20.4649154718231
22.1092610053284
22.2649722541663
22.9985195077564
23.1841642147517
21.5004104379708
21.1234795257195
21.0939500301567
21.0124438136047
22.8451062282558
22.4167331150089
5.40146817027556
5.46223812508902
8.20316648828191
8.69259920073137
8.55010004037086
9.16184480183883
10.0545964891359
9.79664249611373
10.4494855583162
10.6955741535340
10.6303787399993
11.3480937729250
12.1642170863504
13.4751325182379
13.6445697452105
14.6460239986709
17.2612646197514
16.6510142729400
21.0001159683230
20.7408269706515
23.3255913018307
23.2781626455909
23.6948175371108
22.9566708741317
21.3432264930755
22.2418107757883
23.5351869602863
21.4849904604213
22.3206376136609
22.1663122165362
21.4714464004618
20.0560407517277
21.1647813001131
20.7851690535514
21.9768658481600
22.1077761148753
23.2248012072977
22.9954243466230
21.9685416046227
21.4997221639070
21.1294663438273
21.0934183472465
22.4592658022960
22.8452649768954
6.80446818492786
5.39851686665273
8.11741406636087
8.19466003906047
8.03979327623287
8.48582449902719
10.5729161279065
10.0089600830199
10.9786585759678
10.4000416447196
8.75419262927579
10.5304744663064
9.49916676618901
11.8383883756033
11.0240159585682
13.2907155071835
16.5089759567178
17.4088680135660
20.6034146335409
21.2934832595516
22.5843351809245
23.7047026550439
24.4517826492222
24.3567007580901
22.7483865099961
22.0027537748779
24.6263043443975
24.1024819824575
25.3098257232014
22.8369707907025
23.4794181288492
21.6755982131096
22.1930846778113
21.2261961590951
22.9830522460266
21.9952589752839
23.5864111633992
23.2258502145720
21.9443347319034
21.9680011796998
21.4955772822622
21.1288749791924
21.9292000727365
22.4589739910517
7.17498053605891
6.77690779758913
9.12846982880221
8.10397375205929
8.42871271623741
8.09363983545134
12.2300790372465
10.6186754299151
10.8318779398475
11.1465070053989
6.77179215853813
8.96968976262861
7.00374011128776
9.30976993817109
7.90283981990760
10.3427036062647
12.5229585699456
16.1217565037765
18.7715340000660
20.9504411850938
22.3050490899253
23.3953184709526
25.3823593298436
25.6386855504105
25.1449623137938
24.3442697852475
27.6346507884747
25.8206025652496
29.2477029297612
26.1885452554847
25.6646012749091
23.8805366983423
24.4720688360255
22.4056937467817
25.5567705715843
23.0392255230817
23.2182465050454
23.5872593079650
21.2742324343578
21.9443897318777
22.2412303623532
21.5022263696622
22.1525262771674
21.9281454492197
9.06025617738058
7.17467514844023
11.3348509424692
9.19982489729009
11.0280232769503
8.80385181314313
12.3371731883489
12.6955682911133
8.57956657662832
11.3190506677844
4.95838708034140
7.10438837985078
5.37457207875866
6.99343371210711
5.85976652206614
7.27043623457348
7.69165803736928
10.6149242324390
14.4536089761801
16.8975842991752
17.1409184703169
20.7645052563564
26.0665232954788
25.3104482661067
25.5198621839937
25.1042745662951
27.4678141287079
27.9856936933963
32.8862402105866
30.2196670482347
30.0491717454036
26.2822835087961
26.8255789042771
24.6323907835056
26.6929789840840
25.6019694061917
23.7000096725363
23.2293532687746
21.2577971027328
21.2709589097851
22.4693015303119
22.2455002442143
22.6025504467042
22.1545707049295
8.74378204150938
8.96830660055952
15.1158369051426
11.0237794760759
14.2347118877254
10.4054109442592
11.6336515491076
12.4282189714680
8.77527274868061
9.06011192183075
5.50392782221607
6.00466892951887
3.66439900766568
6.26857581532144
4.13152011431613
6.00734049076345
5.16534840290206
6.70908808967738
11.0158022166472
13.1113405445641
11.5721785189284
13.6372107321485
22.2020504068201
24.7261085873112
24.5068960066429
24.6932069532277
26.2420585395629
26.5887789910456
34.5008058788432
32.8482622774825
31.8841156045491
30.2236237113496
28.9913946657291
26.9725245682107
27.9334741994130
26.7322408097132
24.0613795088820
23.7074866288989
22.3479435135026
21.2589256809604
21.7109478995900
22.4691710313088
23.6520337117694
22.6045961300389
8.69590935897162
18.0341911277487
15.0078470557073
17.2523014775827
13.7409497601058
12.8478212288115
11.7385617434792
8.96961058017094
9.29180852085881
5.62839764415810
6.32204888301985
4.08830664474067
5.20130459401591
3.35118911406263
5.32507371583290
5.69379015373428
5.63434355765855
8.78665866952565
11.0618053159387
9.70764761672936
10.9659691840474
18.8414632953917
21.4290682766410
23.8914984555871
23.8706157802347
24.6249875499879
25.5883113407792
33.5502791025542
34.3416315217756
32.7632384445330
31.9193309574672
31.0754736623279
29.0820542114086
28.6843945231132
27.9516643639568
24.4536111051617
24.0665897763051
21.9119551986331
22.3493928689547
22.0439375104386
21.7221178413340
23.8830309499409
23.6553847959413
19.3573972551199
18.0386536852599
19.9948604137825
17.0121571109099
13.9102083563806
12.8507372326722
8.38344126510481
9.40426949271402
4.61721663782095
6.11331613628749
3.68712623075737
4.44764232661285
4.30142573110149
4.14779406628324
7.19397069422413
6.22735114720737
8.52434240176079
9.57987419525281
8.86570338622556
10.2445695136603
16.7376976329460
18.8678731462506
23.9907970778287
23.8202693091397
25.0097844844511
24.4821446055799
32.1562047610600
33.4032963722656
32.1059750801111
32.6554594193152
31.2091282722310
31.0563942311053
28.7426733101238
28.6789141901092
24.4731101349412
24.4525565405081
21.2953323884516
21.9025804402463
22.6923554238940
22.0516680623663
23.8369173869651
23.8824943398867
19.4815105333105
18.7675913810735
19.7849303059596
16.6745548275371
13.1988912749792
6.62438452963056
8.54777658510666
4.92229529534603
4.69273084743668
4.61096123813195
4.35103617353987
5.38444099699055
4.96728547647574
7.27149446429843
7.48537920370816
7.60854699293365
8.95715023513753
10.9603337020384
9.21214247035402
17.1797968665355
17.2510432274260
24.3359712127377
24.2871106704628
24.6588371533249
25.2730347951007
31.0539080592081
32.2952464747433
31.6842782649970
32.1695482211341
30.2320281107397
31.2538734304400
27.8974226475768
28.7584223977587
24.0355112834076
24.4754319544679
22.0282545616199
21.2835525209216
22.7023225721445
22.6988913933964
22.5576755926990
23.8400452884441
4.36542076377232
5.80184373329035
3.82220577068286
6.00429484914125
5.45131154135923
7.06005025391880
7.60278119293373
10.2033130310935
8.12026088630475
14.1247142935804
11.4769778766835
19.5051360210217
18.0005186826501
22.3062502429815
25.0656517732401
25.5839701858721
25.0085759371914
29.0930252981678
31.4135653233957
30.5716134198248
31.8374118775932
29.6879870406610
30.3378157674250
27.3257534433499
27.9922691774805
23.2371900029310
24.1178421504271
21.0904547073424
22.0641178086747
23.2571957184273
22.7046419480085
22.6230558614552
22.5809014253752
5.70288891406399
8.61607530524776
7.01865276897534
14.3222526994256
10.0181824001333
16.1125413274542
14.4276370533978
19.3499822246773
19.7557631011360
21.3137960622317
22.9273218317572
26.3451196328190
25.7577303738529
27.9829258419525
29.5560836783150
29.9722753415321
30.8963727169549
28.2682778112865
29.9624877582955
25.7249732367191
27.4993802505788
23.3812156632120
23.3372245925165
21.0500421466195
21.2451457734057
22.8308956723546
23.3577470018944
20.9098421123743
22.6901261312794
13.8020482746978
17.1770701556799
15.1589114011180
19.0922906621560
19.1317043849509
22.3809311709790
21.4560774269177
26.7749732155855
26.4981159736884
28.6355079919837
28.3854800659832
28.8010139410729
30.4644775967112
26.5741847663987
28.7201536651932
24.4360698026340
26.0845260005691
22.1841700600895
23.5827640155799
20.8453439994322
21.1401808963757
22.0272937610821
22.9197971309334
19.6805237093766
21.0232163699159
22.6917308357457
27.3665677331489
26.9622118832866
29.4896273538859
28.8299027856602
26.5477179311115
29.3648883826795
24.6254122888991
26.9935920824684
23.7113743808272
24.7260371941595
20.9010361280552
22.5108496288214
21.3098043427809
21.0094112459806
21.5402522980392
22.2814902240401
19.9708276690987
28.6980206845106
27.0026052452035
26.1588699931053
25.5161340167547
24.7133692153838
22.1182261972249
24.0799204424434
20.6627438492630
21.2074404215284
22.2961896884434
21.4888808990216
19.6217832473858
21.9212713975986
24.8476169855753
25.6013776945952
21.6321663215840
21.4870620505370
20.7538354560331
22.9621367898219
22.3707640110917
16.8670685926341
20.1812177440884
20.7163524862393
25.3308956069550
22.1758483462617
16.6928019250227