328.278095057942
330.245192589258
335.634846037214
328.439708545204
333.245751121994
331.209844296172
322.291346880745
322.681942853948
334.710915649007
327.411337080731
331.835764417358
329.277025787494
326.639272587664
329.015502318605
330.907463103845
327.925050507199
328.959227805111
326.943546238846
325.518989000742
326.601464017542
324.895946266412
324.328963633706
323.712296578713
331.608643608929
326.835762195133
327.994439630033
328.629967451257
327.112620146258
323.549714096013
327.072680319511
325.601752861402
326.276104606125
320.923620733664
326.336497072555
317.707841446097
327.866684451858
318.537871842850
327.730183262364
320.177051405606
324.408772163242
323.137793817823
326.515634152121
327.029280567865
327.991788206946
330.302636526889
321.808984021678
329.991659653352
324.709675559209
322.489842018772
324.324146480117
325.647967669398
327.595228901854
318.398730823202
319.713369079851
323.280795768679
314.808927766116
323.819560815486
315.590851619913
321.068702004207
315.295141218007
326.518054172624
313.580137489420
321.740808229713
322.339659903069
323.001454065532
325.017546683737
320.132096733244
322.101553466595
320.662959727215
322.997899860841
325.143492942706
322.190564243198
322.123237490861
326.973437080690
325.911047750313
311.856074207751
306.165650306412
324.235922749491
311.158311427085
319.686939560411
312.777276887953
317.142571514983
318.966815091673
311.942633818148
319.303623957812
309.428435598769
317.783334802969
313.177721187281
324.348798404926
310.312087386698
318.563207872849
319.052492393558
319.902657847023
316.835324237406
316.554571468975
319.909960256691
315.023621794610
321.518102840796
319.481389258462
318.076261864870
318.344029020029
322.652441727127
324.498519064208
298.232617854579
331.887163249351
312.093322529865
296.175612106137
328.871497102679
275.390306381661
315.517348564278
309.170260552669
320.068335489323
304.315370346822
323.913467550700
308.208903931359
319.231882918319
310.069332725454
317.866868463174
313.648277220139
310.830199189288
321.215688245526
308.460506688270
316.650097479921
314.392159554578
317.012683196001
309.551351471709
312.336679688579
312.576931729174
312.780778669127
310.621174382626
313.121874082655
312.907655169682
310.378819456082
316.849689558405
312.381184028004
315.136281231389
310.984044315468
320.369206375605
314.232803644937
322.770969195901
307.906245615725
324.005694936549
302.737701170221
316.791160822518
302.611681170501
306.593934302585
304.495136554172
303.600068615262
298.946384834561
312.777275419633
293.965695350149
305.347639920678
300.616119312486
290.471839717913
306.581105573785
282.767806476829
310.683884880614
281.469066777097
300.752625734532
302.771909272796
315.159944103108
305.348169723852
313.852645115863
307.651025693105
319.095434833654
305.137346337947
319.457920233392
306.909401585381
316.133026784795
307.091122701326
314.720646825242
315.418835719096
306.166783996981
312.299114480329
307.091839444220
311.659819633218
304.580649634092
310.695875648315
306.747880753871
310.603641965102
308.460788077246
306.398950236865
309.174997786196
307.793392360512
311.282557798174
307.137726388511
312.587021180763
305.043462328230
317.658875541246
305.630941979836
313.365906686578
304.617389257466
310.411413418276
305.497923780100
309.543841745336
300.657564528973
309.749177618071
295.594232968211
305.496284297027
300.472750443768
300.293986031652
297.825805259319
304.672542360053
291.839641211122
301.371977694447
291.717613387543
294.297311454312
291.972900835572
286.734316187711
297.893144411740
282.150861265960
304.803541395542
282.265757091291
304.492506821342
288.058077266126
298.778318346862
302.832644928577
295.440730378402
308.626142056259
304.504761225942
311.142079358127
309.182110934562
311.913582454223
308.509136279830
316.310371631142
308.321718074509
316.319853509894
306.082784571328
317.822464585876
308.812107072039
308.060133655837
311.348080876858
305.151124117091
308.107783181311
305.030662994383
307.493888963094
305.244148606096
307.410807610676
302.940720079047
307.069172973637
307.099086097847
306.967114783209
308.465336144259
302.506942679122
310.680230516253
303.961290243475
311.250074567572
305.973751328798
309.639545959556
306.220379017459
310.671556682127
303.529766347879
307.081922054572
298.463656434441
303.366814104604
298.728923456447
307.186796434429
296.163055426695
303.695557901588
295.158138259509
297.395410926006
294.932141088272
297.304810249536
292.329086860181
295.631008680631
292.410945167155
296.954460351849
292.179871449754
296.240879092841
299.910929091501
291.120255656151
308.363537950282
288.813107477100
313.095113924377
304.605604671516
320.642822383747
327.102259191576
328.572889800012
288.607935615895
299.234558354434
299.112339370868
307.832878036191
304.632777618477
310.588998001702
309.695583430023
310.851053166489
311.594881576011
313.427472744643
307.048489699877
315.097765145266
308.083388386235
314.424330843074
306.832229261193
312.171176810425
309.056893964666
305.843559292872
310.369207968658
305.598720037732
304.380058953415
305.692545675968
307.938008169049
304.926197188558
303.559610352394
306.404168990779
304.269378189463
303.792776984940
306.181265033119
308.014519377908
304.357207137556
310.754501965953
306.807312278565
310.314926929414
306.900852633175
307.479479403252
305.589610083468
303.456887906138
303.493350011361
307.197146991742
301.470854935226
305.372091709184
298.600292439289
303.573680834199
297.131061701065
302.444045418602
297.074223008902
298.724835980470
300.929609682429
299.572123488329
305.611930757227
300.772506453564
306.326956957985
308.754729827326
307.823041309263
310.509318712791
317.331341021187
311.179527767866
320.725549216565
324.400181083914
323.515864093257
330.373665984924
335.738602993222
318.844954512659
340.532741572836
331.664554737711
336.436841227001
289.745497444796
308.080214503747
303.443726663740
309.467954805898
313.079622598628
309.257788446355
317.227916056008
308.069636846441
316.596737487517
312.388897329427
311.744768609867
308.651920020174
315.527464206767
306.443012291578
313.529775612773
307.540259643252
311.885580743634
309.020636114942
309.796200775284
311.266297892229
303.994814511615
308.552763295748
309.101069390992
308.894105949488
305.442120710076
305.258142884733
307.217024369939
304.315864981967
309.131716448694
308.226961521670
307.843820119030
307.190124556991
311.778932406796
303.478257408332
310.359979215928
308.964852054163
305.873328952087
311.204832141733
306.070551914614
304.840616764754
307.060322735188
303.562850955787
304.765683516261
303.818444607212
304.360416878808
301.672088333784
304.595565554120
301.862504119026
307.474459113607
306.061530697614
308.894928051406
314.056212527077
309.478511101784
319.077967480002
313.740128923504
323.136996799659
322.930079469187
322.318310604922
327.885200129757
324.562015319319
331.184616544428
322.234127925581
331.462487908291
326.976122701386
326.415331461935
331.322048780721
320.864995708182
320.818772788923
307.408786442468
326.410674872240
312.133633565704
320.981142445668
309.625428266847
320.140371909499
310.794619271507
317.931424188678
310.259296908135
318.988849885712
313.084257524912
314.337983943610
312.618274754547
314.278634626364
306.761057682058
316.350680467306
309.951064411813
314.354307848915
307.147191676307
312.186713394446
309.182946405468
307.781897976946
311.440618800285
307.402558787018
307.523568382149
305.937525412887
307.269280658561
307.215537316394
309.785692308770
311.078591216332
308.794459418714
311.241134832747
314.721431048203
308.929430621853
304.182529755672
315.715226096171
306.505172604829
311.710585544191
312.334489131555
304.234339492291
308.693953214429
306.166948819046
310.085469668598
307.484480349569
307.562944510239
307.106027151796
305.186052625354
309.351921076610
308.484300160112
313.316115306764
311.534346134557
317.795122355456
323.010459198875
318.009536581432
321.727391090588
324.240666108435
324.873142964194
325.066975358450
321.928132624891
330.572127252764
322.210920326752
328.848564730409
319.584851395373
329.815879560558
317.652662836877
324.109959032849
324.168277322804
309.761968944547
323.116365190869
319.998412307962
315.008019037600
321.872661898802
312.616291009468
322.797608472124
314.616245197720
321.373802628088
311.910846387466
321.614409164737
313.479621797051
317.634343989534
316.673190515580
313.748550076790
309.065560404038
319.888641522443
309.424554250448
314.475119307512
311.794980027003
314.014965173162
313.646890547287
313.865068567131
318.403357198486
309.258666925545
313.372196971950
312.702815191517
313.317994812967
316.001387403272
316.133108705759
314.803839511981
318.974340033948
319.003251497891
323.114300172480
312.669035443131
315.352990608843
321.571449525662
306.280898817831
321.673197489320
314.808376867831
310.869849849325
313.574570228071
312.868972998631
312.406522654988
310.423506742362
318.366766202477
310.204418677963
313.174179763725
318.721377690602
318.244058182591
321.932629977840
317.926593342807
328.867896234173
320.840260096546
323.657031212855
320.172928726817
325.550872911921
316.841253012706
324.686289789138
315.643750739009
324.884672917078
318.366043435782
323.433911935338
314.768458358009
322.190110865717
313.728593871296
319.449209246140
313.354583352797
315.960270707825
319.899463625866
323.136321641479
315.156051584760
325.189245258254
318.996679158336
325.371498846650
317.615731689985
323.825831641930
316.110415269752
324.100908888553
317.240446053060
322.329465258667
318.656365632363
316.961705063462
315.640075919767
320.008985673291
317.455852038717
321.258742227405
324.005402754967
321.406052795153
322.773728700511
323.635166980119
325.584959161994
318.056356403863
315.328718130859
322.712439612527
318.301513116641
321.608026770107
327.455708870713
322.869329094599
329.779879480305
324.855244451633
324.856631690450
322.774741126508
319.412206052656
321.088974833055
313.939586251572
326.923043357126
316.574625086086
319.613694633478
319.504252283052
316.358102075895
321.424869313002
320.340400258843
328.797185852583
318.018967474872
319.549684110759
329.583819248305
319.111358394323
329.536672738470
322.090406045295
328.494491088528
319.055445641007
327.185384275966
316.912896113565
323.681969453324
307.687036165440
323.637290493201
307.180572886758
322.121686387334
318.265022488410
315.774368883764
315.274633006325
318.200589893441
320.055906372887
317.636407446085
320.748342165350
325.044697485748
325.684650186601
323.531035020076
316.084919008665
329.851261427479
327.441388650383
324.873261551851
324.985051285303
328.254434557196
318.608945003819
329.637756480047
320.399919510165
324.935961501395
324.312660467910
321.724973792767
323.964719602289
326.310417956163
328.576619742527
329.922961715746
335.116303824233
328.442792124270
332.441534278982
331.808762788883
332.641293142995
325.994289549077
333.128323338484
333.411325710748
330.945562930031
338.359735378231
330.042255703217
333.902472076135
328.598611076362
326.020743968901
326.496165428261
322.866569011307
325.705411983380
325.355606597924
318.829047971682
329.072307361102
323.709686332693
325.631598484103
326.016743254896
326.013353041645
321.804147930752
328.164304841797
331.272100763447
320.747965898844
326.696166220981
330.801877002430
322.854542463453
334.014491029401
314.935519625414
329.219852429783
318.456005206554
323.652448298422
312.937842053594
318.743762277554
312.805761987346
321.842235002442
312.432803664187
327.619577580235
329.323455634947
319.208319227369
322.550756613296
327.765965842577
336.468101531452
327.804962303692
339.036470933885
336.875987832501
339.645192850516
324.351750116392
331.093536037667
333.266286582568
333.910323769542
331.365554157188
329.542491105613
332.319185078218
321.473063712546
334.037720522610
326.056180602579
330.052034150993
329.619138204262
328.747202314608
332.532513845420
334.036082796213
335.485122640470
335.695121513205
336.740763858664
332.570416670523
335.783557857164
332.064684082352
337.426960636536
334.945765822245
336.541177816815
338.741847503365
331.345968412846
338.468947008950
333.582793552852
331.835617528998
333.249302219354
329.294669496682
331.662059250418
330.694469566939
332.509930918864
329.745021264635
330.726421794567
335.992174608822
327.910336540310
334.890671099090
326.073511843921
330.213752732429
320.868101258711
331.924260439968
329.361238431323
323.929405339366
327.469145276274
329.230821960296
325.511747638770
327.470333310809
317.286425668117
331.666186281079
322.776816273766
321.900441296616
321.341185488043
325.858397805092
330.517138446114
329.787061206930
332.990929352974
339.360072955285
349.505945019957
332.029650491302
351.763116301715
349.697372961574
355.299508891503
351.877620285911
358.788000493932
355.132191563120
327.782173429566
349.715806255996
331.025245864270
338.403781976733
330.563942387070
331.372933818161
332.560571430948
329.995735160965
326.000856119810
336.960092691748
333.505886924669
333.817136390474
335.480536333349
337.038364511120
336.228073733176
338.826705257806
339.041554653322
336.077979527541
336.861100802682
335.018858808904
335.904034268501
336.298367523141
337.290426347010
336.619191857331
336.321444790617
336.369355278186
334.940885046983
337.397071348042
333.573297393158
333.547803614053
332.850386924357
331.450949174602
331.126174274623
331.584253638749
335.637246823740
332.772539587054
330.671709034665
335.659267353570
334.159253794212
333.185121633437
329.928313064025
334.384821760411
327.363739490960
336.528672576059
331.380750703576
330.642318086797
329.196419616714
330.173505894028
327.423249492009
328.957883799401
327.415683702727
332.513436652072
341.389768330428
330.480903442716
346.408775151595
343.438897653217
347.923397889764
349.030401808594
358.479301754871
350.920741592310
2.96896587347561
358.426402329544
6.08367391102865
3.08499710211005
3.50030969627790
6.42330843298856
331.720051263311
324.324700102515
338.861968436234
333.532473004954
331.129385667326
336.257311599931
333.070440578532
332.710475698253
335.123289455610
330.338010021727
339.979314304828
336.691725064237
337.304395306716
339.892735700023
339.225496319685
337.186127110387
340.509690523166
339.434579610520
335.009733537382
336.309286538457
337.205142924837
336.210986443543
337.589471913239
331.840205159776
335.775182676456
330.387140449933
333.679498141252
335.282343456247
330.324757757017
331.787329184382
331.757305396831
334.859386501797
330.270175631020
335.592405385919
335.684887560662
335.832679562922
333.659610735411
335.603589540559
337.557375406137
339.900247960974
334.846308156478
333.473557808539
340.419412386904
332.951748426638
339.089150646449
334.676904808423
333.979270127453
336.445963991593
333.549347398725
344.911099056379
337.648788752728
354.128549389986
347.255516119566
359.682551393288
354.322442690346
6.64974134211434
359.620355074089
7.34036541891192
4.67153548869803
9.95146018581806
7.98573171633601
11.5326359744263
10.0340732546208
14.1464988011798
330.035774307622
348.985340385986
336.362307570696
343.223562181643
341.035658372593
339.577405238612
338.734067384274
338.800704173944
323.560888705991
341.887996603827
333.165565631749
338.570708688357
339.039420747127
338.251678885160
336.657423819431
338.253183033787
336.499861817245
336.789695276437
338.736948936829
333.761934449841
334.368804299099
337.707872653150
332.148295702556
333.672437150978
332.413948583389
333.247413990005
333.340894007981
334.732586871917
338.077584860727
330.262084499340
333.064547165246
335.592564709004
336.712980319202
334.916149674249
341.873890102587
334.997214928151
340.142965839992
340.520655066026
341.445500055809
341.276135347546
344.518972500703
339.650627043242
343.737607378864
345.411929412205
340.662175440982
345.024491633989
342.610580571068
342.111462280375
357.415150022478
345.347860372707
3.09215775420603
357.519951534825
8.47449664252224
2.99317174233001
12.9951628765656
7.43596942394706
10.1524951469822
10.8277911037383
10.9486833825849
9.92354187705148
8.89410206926601
10.8182391811462
343.954820937032
344.192505636673
350.071926497398
343.925064887534
348.066927597415
340.030021001647
343.277223093558
336.099651590757
338.295337957139
323.624149265255
345.742295173621
331.857233868277
339.155728143109
336.714134015593
333.311522672191
335.166370025774
335.445529063418
339.303426272133
334.496274647870
335.277096965240
335.254824677684
335.272180108573
333.977857060977
334.491562880912
335.456790893366
331.892472766341
336.510414703098
334.343526803101
334.119081807420
336.882302266742
330.321231801168
335.445827456598
336.804234722242
341.408377154003
336.935425132416
341.404564434410
338.340300525685
341.694914007644
341.588074882563
347.137594542673
341.501857266540
349.601527099373
346.192881095576
348.056189937863
348.990335200109
354.610063958120
349.236552259183
7.10554195625986
355.855413944672
9.44893738737534
7.89929504531375
11.9185168702354
8.06796238742069
11.1567270267986
9.79437724817231
8.56829445257472
10.0766697662350
6.12447572582482
7.53682110431420
3.74071304636266
6.22135795361515
346.943764979433
351.599456378468
344.449792979400
350.250079344933
338.974839002693
344.621490864309
334.710083615653
338.471805165500
332.496467213673
339.466490788327
332.012115698959
344.652145455792
335.754307718227
339.537180661825
338.548464689067
335.836311989692
337.988419421543
338.693364458373
338.427566472880
334.032310062162
334.129212647590
336.098374846277
334.022608604392
334.723646916216
336.537832513898
334.539933710381
334.086852505304
337.831087105106
339.074111079119
334.442990680756
337.924255503156
336.847681069951
340.090667028100
340.433416108350
347.081106783485
338.107029521246
344.046710465004
345.056752558954
350.062984277590
345.676071652906
352.509389987381
349.147785200235
359.581127429987
351.423153101822
6.38663630995870
359.554688736099
5.38684421363263
3.66501247536938
6.69205797868671
5.99874944046924
5.87563826594430
4.89816421324980
6.16919260849954
4.59805780655915
7.11846327820814
6.23346055093650
7.67467321164571
6.80503270544699
3.61602572192288
8.76282091394980
334.897809992836
349.535924036234
332.876553916295
343.764189922991
334.746165283918
335.260707263787
339.689261015922
332.814042883864
337.135189315762
339.390271814933
329.243407501698
344.927582753228
339.065558584043
341.411403579602
341.030389621133
340.816189341949
336.209626510024
340.866653221500
338.484700406157
335.741880719034
338.010208829396
334.304162573639
341.226667323731
336.939727236359
341.828511536458
340.882218889644
341.059760056376
341.456022512539
344.310422307136
342.831413372821
345.762273458614
342.455507368827
344.187207117870
346.569574603631
348.555642799504
345.735657322728
351.936256499385
345.808860133197
355.068662551810
352.485302341121
357.106943227056
354.721311373516
3.22818591501891
357.069563773025
7.08497768173214
2.91722659732203
358.386467454097
4.52258521056670
355.601521818356
358.439707104189
355.577947072646
356.621528421802
1.74778511639647
356.394486937479
5.21893309649749
2.10215711194473
6.42124935625265
5.36759672653820
9.18379570457717
336.676735350170
327.924040121537
341.946955297471
336.063418659589
336.204945553756
340.496665720384
336.934990352463
342.052137387716
338.215875934067
339.147888206207
343.629335659397
339.212423623071
348.094275580280
341.021255333568
343.756554404784
339.455558773275
340.260865892967
340.817969527680
340.233001702634
348.187338081551
338.148208333923
343.008797790847
346.238390892183
344.552168376647
343.921700330986
348.654471938070
343.945602486770
349.278502751225
349.086432306201
349.449918066415
348.652621102723
347.760241318528
349.453612665544
351.284463106814
349.829738293867
357.341385432090
350.120246611366
0.0175235440926258
357.301626081833
5.63632427534026
0.129363901860401
7.89926425213702
5.73791300173392
8.40872609200460
6.79686311656755
7.24530189273906
7.06051843301373
10.8044609767990
7.04244350575659
11.6724743214410
8.64000039876943
7.82217957853482
8.39790614443541
6.13240805325904
7.88566145770113
4.81511568615338
5.66337704657968
331.852234107581
348.172563864121
345.485105958946
344.277060672513
341.244314298860
346.552708872435
340.744567550775
342.083174520326
343.798703961311
341.461766534902
339.176176413776
348.752444173603
343.538183443667
345.593885258115
346.269987805208
343.256076695276
343.652783547344
346.205438171533
345.644826777158
345.049506998762
344.712212077353
342.098472443921
349.681401114317
345.023583939876
354.325162330340
349.277026631756
354.233708496847
354.021276288989
351.071195699190
353.982197049700
354.292759202926
351.300934060564
356.938712079426
355.029024740914
1.05074780852937
356.891130280173
6.03775476190390
1.18693440419274
12.6282896499047
6.64715158429739
18.7444065443188
14.9945915318700
20.7228441759009
19.0457265255355
22.8975182934369
19.7674538879241
25.9707629787142
24.6243488886515
23.8660383406356
22.3283617361273
17.5235124446208
20.7845876544525
12.5608498269157
15.2198266631015
6.56900513803123
10.5853144394354
336.532522649399
334.388732016969
347.289536612624
338.810290276686
338.990861685200
343.295324887341
339.348640242194
345.548154487120
343.479895897195
341.803514118020
347.678071221934
344.394654426487
348.253362560117
347.806513503968
345.972617094712
344.748369005302
346.742872750558
345.531502197218
346.686973432397
350.233476924140
343.118898571837
355.258917071471
350.002545562108
356.263244518748
355.070340272060
355.006998588894
356.017984180123
358.434097532247
354.622236111448
1.29132998158912
358.436316396209
4.12564156509376
0.978443052776910
7.46224150136970
4.15719871589380
13.8930849075737
7.67140811283861
18.4841670730720
15.4663935543176
23.5931275651383
20.9220873773377
28.2248274816315
26.4630386808787
27.8528096202762
28.1189869319796
25.3836064970280
24.9193510558950
19.1311911854421
20.1092787613257
18.0248376850375
19.0398817014081
14.8412028042659
16.6259836970371
6.50951376629490
13.2658996245683
332.725713110492
351.897091776829
346.895039141576
343.873340435699
347.767207532975
347.403163873633
348.147779284607
348.255815339893
348.024121494974
348.799926280879
346.625665324800
351.776664203366
348.244656156535
349.439865998498
347.591375665989
347.046857796649
348.181633752253
348.821708203049
351.351564777172
348.035414566542
353.767059385079
351.506070269327
355.130195672049
353.381293773329
0.0445536605575398
354.505083204718
3.63713441066733
0.207168158829575
9.36254899412063
3.71491062201063
10.9862983559482
8.88790548161924
15.3431297002261
10.7522441133499
16.7210749303607
15.0613044021820
18.0726478765914
17.1393046790900
17.2365717383235
17.3539087720900
13.9138597425598
14.6276109382744
10.8199770310837
14.0509228258672
9.45124681115323
7.68037040094599
7.65356465451907
8.25815668074061
7.96764246342809
7.95746896635657
5.62690311164619
8.03928119708975
3.75189245186539
6.06582310349015
342.742896981065
342.243179675726
350.419997698849
341.903976760948
345.384564695620
347.843302906033
343.624026994501
352.430870098515
347.431518880283
350.393765028872
353.666852465592
351.699138981197
352.669665161467
352.206736405817
351.132120609085
352.893278756390
352.721646842296
354.841917727065
353.203139916865
356.336441582276
354.977397309252
358.175915089574
356.163318816407
2.69392555680690
358.124307489106
11.1964790776167
3.36294567510610
14.8868520309318
12.4033473712056
15.7850969508869
14.6713561002347
13.2895870719036
13.3242961690476
10.8951656255405
11.9149126268351
6.75740826619716
10.1148743181010
4.23558994865658
5.65979772221341
0.997912382590698
3.39463858952389
3.70344475431546
1.16157848726121
1.61793551269818
2.46336953096197
0.880118270380990
1.30283649063252
358.995527457845
0.924209190075317
359.964445822246
358.997108947071
0.131250069190855
0.140360924380573
330.055430689582
349.293584054142
342.260547728977
340.804796591124
348.338560952655
344.745415513749
353.799901203611
348.303116813633
353.255846316824
353.898463504128
353.631091362131
354.749273205554
353.708537647546
353.487834111551
355.782164010622
354.104297463217
358.915654123291
355.939940967703
1.82607254917434
358.915354219981
359.560271596659
2.10475253961394
4.11466360107630
359.487672148699
7.68452883159767
4.26441116843883
8.43961768337238
8.53864876336662
8.38375271943426
7.78463683856781
4.07123675200370
7.13829094211445
1.47593726194589
3.31344458049536
2.43661569749003
1.46642591001843
3.40368709128995
2.16290692267407
1.68876556351091
3.10090144260924
0.236552646384723
1.59384878937067
0.900462074813561
359.888877250388
359.657222492730
0.737987292035641
358.945086499737
359.689460850381
358.782515705543
358.945174187107
356.727359612324
358.753312697465
340.147061569459
353.946028127233
346.053612369052
350.519196679371
349.912762084520
349.649238681564
352.412685903403
350.847653751473
355.136481615412
352.218037095019
355.775461737376
355.867094719748
353.633565712637
355.712801242782
355.413595112881
354.447481516752
358.302763280963
355.757743969605
358.645977762451
358.307611861456
3.31986899928643
358.588425402171
4.84242020404156
2.79894881068381
3.22919016754497
4.72607629255569
3.82317611054913
3.46308685044430
1.59902264358823
3.43702119842378
1.95076150305925
1.34896021024316
359.063222353870
1.68785502647509
1.01713060626054
359.052979726577
0.148860856833949
0.886545163130762
359.544913447299
0.0901498585538576
1.04454873507859
359.537382337577
1.22687229187665
0.498755143557688
0.0593228698808730
1.14098193720255
358.792704725589
0.0987107116167607
357.009805951907
358.799000043500
357.281174865034
356.668012419543
345.552459955107
352.054090795055
348.046649795424
353.275549646996
350.303325610147
351.973802975520
351.739869848543
351.723527213614
355.385484251708
351.998335637870
355.260170387105
355.830188119315
354.078441311000
355.053583040851
353.122722942769
355.007880463380
357.645678976367
354.216124401590
355.897780363271
357.555864532615
359.656459301464
355.895787160609
1.95818593133288
359.593751874764
1.90478985247984
2.23562788619104
1.93679838721607
2.00496281546872
0.789011694747103
1.84158573819779
2.05154700533961
0.541825340934494
358.897593817725
2.11352137441645
0.0160218355282495
358.910864553945
2.03588117060684
359.998426016782
2.31975627146926
2.09642466700146
2.48260210597266
2.16632918668904
359.166545414196
1.53432443579125
358.042525322180
359.152051682858
358.156358664673
358.004298672691
355.223736576648
358.148238979823
357.291097589702
354.933465503700
348.680604841491
352.619322872737
354.110965789007
354.760020087083
354.907877245844
354.760062537815
355.467536162508
353.935629890176
355.273581039949
355.309210572197
354.636720642358
357.142540682190
354.954390287875
357.774750061448
357.341469678220
358.257083040052
358.064380019096
357.910607429227
358.173978040537
358.713288866009
358.010791249126
0.596595536816096
358.745856776102
359.697363562452
0.854508956030088
2.78065809795766
359.700613732715
4.63839236562376
3.10221294428031
359.188477105515
3.89591011494623
0.994048980456398
359.183054170644
358.609691744427
0.591658941587610
359.302122541258
358.651015310557
358.496895037755
359.312424724164
358.546159482693
358.531384688867
359.042652006703
358.638524183035
356.974688703596
359.039991670104
357.598874966679
357.004599006631
356.588348762760
357.460930596398
356.136619342114
356.596175976663
355.599676483807
355.947103895766
358.240957536703
356.826724772500
356.290695110183
358.330830386865
352.189536110062
356.662640662387
352.342902504371
353.786195561260
357.734342228831
352.292114673256
0.409882503364202
357.732653645970
358.300056916411
0.129771895054716
358.048641799821
358.251407784950
359.875349499690
358.154757345785
358.889014995779
359.752671660040
358.939862637491
358.876316985359
358.361579109891
358.941756146992
2.34875110537553
358.349167194991
0.342299942656496
2.69219678492681
2.60013543166934
0.165512271097498
359.791483481237
2.24951471064611
358.438715274477
359.636205695362
359.671616434360
358.428094139048
1.00355393562660
359.640512545210
359.506973971504
0.594451873184568
358.539922743169
359.501112640952
355.744422617999
358.562619082954
358.254569285088
355.586172892149
359.029843769712
358.200227532962
357.107434292706
355.857885086607
355.736380268089
357.791325920602
354.932155179673
356.137306879169
352.865983907941
355.222279348706
352.566848096593
354.404634836848
357.745863227733
353.519389580808
359.855919595842
357.705181794343
355.025913758802
359.761217256618
358.326153573651
355.187206543311
2.39062595270457
358.381834606554
359.579359690877
2.34149632966486
358.833067279392
359.629043819242
0.928718440673151
358.843964421021
359.610566957007
0.867658723818380
4.38359338247182
359.698508092923
0.170986678306690
4.00632890084306
359.107146918070
0.0110692292538630
359.063611317952
359.081906492719
1.08435468818868
359.062415814587
1.44721097827318
1.02646759684957
359.844690060093
1.03144975081159
359.038745686624
359.829175583235
358.302541748168
359.038354823602
359.157482798104
358.326308092314
355.213896023706
359.171891830017
357.255576030703
359.053919555666
353.817057942793
357.880880940315
356.909736451946
354.753737056432
359.011395930453
356.845022127198
355.286392490057
359.003869057973
358.227667224023
356.384138457960
358.914100414771
358.210267292536
358.903733600233
358.912816066862
3.26935424938978
358.911146713415
359.244302453256
2.94404474601691
359.505577544900
359.233394405168
358.481967259457
359.565308102933
1.46056090363351
358.557336814623
358.189273179095
1.66493826795386
1.27478154071741
358.260608346258
359.954482266990
1.55501143460762
359.735322461108
359.807179900239
359.463576619660
359.595251788378
2.13110740613513
359.430368132671
2.33470546032640
2.24003427703241
359.869224672118
1.86920396219348
358.665083719258
359.824149310530
359.002152324451
358.670232856373
356.543771382587
359.000709592141
357.805920134180
356.261980724265
356.308463105134
354.930499812060
355.494082886570
357.045944087547
356.368271707895
356.369181192047
353.972923333953
356.428667181621
356.358249562176
354.718081549176
358.577430831705
357.150043612162
359.444930132497
358.560897401585
359.074429278107
359.467164151595
1.25844361627924
359.052020909138
359.749466735169
1.45109254694215
359.045881626427
359.680147500195
0.0373592472035398
359.054917860157
358.982237893655
359.828223355945
359.257240092930
358.983660638601
358.169544462035
359.213390683714
1.60346774592989
358.056664670464
1.53959551962896
1.43406057931517
0.647916283870700
1.08315225689125
359.476003020994
0.407898685698925
1.53573221634957
359.479273295616
0.635450618159382
1.43642859928512
359.465688978960
0.565220192922823
356.242678233737
359.439599303945
355.504121167107
356.421604282978
357.539514590967
355.327492322378
1.39164356133773
357.854588382602
3.40609206968600
0.965939668093895
358.210886326659
2.53076185545942
358.603531739746
358.270572099558
358.856719971457
358.668446376439
358.951530773651
358.895038510611
359.024934198990
358.951061489392
359.131115697397
359.027899018217
355.695049532323
359.090271228165
358.783145808382
355.553102874093
358.637382811041
358.782622695294
1.31969779289841
358.606317218945
359.547173028474
1.04489998021707
0.434958389253779
359.608324681558
358.580947020455
0.270862011161611
0.545081371122308
358.583502951066
0.922630080122644
0.516838344188400
1.73176674813175
0.613187962490102
0.0736650093763274
1.47109824611772
0.535715166466332
359.982702471763
0.737081556553903
0.531061958247619
359.917232290942
0.722216419265607
359.574986357846
359.921224792578
358.306639707087
359.543119387526
355.784294242729
358.330230453843
357.768208387938
358.704078768883
356.081758616918
358.069506048624
351.251684494523
356.495120396596
357.223276675808
352.706485073213
1.81678004415551
357.376126144035
359.716681969035
1.13140634510066
358.816611699278
359.701939927968
359.215616075495
358.811296479247
354.338098082312
359.170724837879
358.371540286015
355.004523095795
354.143727825046
358.315279903667
0.162064209826951
354.536502701668
359.651370009980
0.228838821873666
2.51574815439670
359.696196482762
1.07578929692312
2.52260069286714
359.124103890402
0.879845771281339
359.322064696484
359.113578250090
359.617367657785
359.260467866972
1.71706362573639
359.584842770063
359.970102783872
1.59992247634250
358.193141169205
359.919271433736
358.958210414331
358.217699438309
358.460156376493
358.957473905992
357.326012815800
358.478418549801
356.919360692639
357.329273780318
350.981622119665
355.724716724338
348.472462155961
353.304264690944
356.499343915050
349.812874397032
359.048085360924
356.876254109669
3.68610281396275
359.038479444778
0.450271447333762
3.19633401492000
358.414943039903
0.345689629165278
359.103284900870
358.430790320471
358.668402775092
359.094557409130
358.350172366781
358.737343973510
356.055000124826
358.225951417867
357.275426388390
356.765274340836
358.888084543522
357.128475972503
0.699994386081642
358.885049721767
0.587173275156431
0.861864223751283
358.865552031347
0.495180347737119
358.581703458634
358.879212139200
358.717557981828
358.659438900123
359.107291322767
358.744841572928
358.411466927211
359.108492020863
357.670461846359
358.426132052815
357.590876604442
357.758829909327
357.206957286328
357.532984266390
356.796232369294
357.233135199534
357.270147369494
356.801967455995
358.490639003619
359.456976263259
353.957995573033
358.605377474585
357.705285470041
355.618783286911
359.517699371705
357.903551706743
2.50554227168811
359.403587683663
0.119168107913822
2.68847021202144
358.667297866284
0.0168954808463866
359.043768403123
358.691865883201
359.908227246127
359.040619266760
356.152901821032
359.728722359258
355.986559868861
355.718045561014
357.426809742658
356.727933728398
358.519708971731
357.337877414851
1.02870143292785
358.513344770858
0.741076355712607
1.39220218171194
359.061637138407
0.682436925201188
357.982475162927
359.050437700071
358.932028344067
358.199826546327
359.631060369425
358.937103207193
0.0977845863760081
359.661161669321
359.291703265076
0.102985472196082
358.360699763235
359.266291741523
357.072403033363
358.344479420342
356.985613320768
357.139898069767
358.018480774983
357.021191506658
358.184882431591
359.598493881405
358.623450914997
358.323201652720
358.124034210191
358.753555800727
358.898167531974
358.298349383688
359.277739646065
358.921510290499
359.235643717988
359.318491966223
359.191142082306
359.220778837305
359.133828436331
359.173432949541
359.502024681328
359.122805597664
358.092427966921
359.445512755745
0.160130303761036
357.996280998267
358.469892243716
359.904812277341
358.703613489647
358.475738456533
358.934850854690
358.716633517066
359.650721952099
358.923876035861
1.54683731587801
359.669342256457
0.515093670600834
1.34728162884547
0.0951137488079326
0.135992923398348
0.849367965344300
359.971746140783
0.755930604056516
0.959698081844209
0.440686412423133
0.792516940389703
359.869525942464
0.338540694969225
359.623044577804
359.910090035862
357.368781346224
359.598422275018
357.093272421367
357.522410316740
355.272389217090
0.512454401162046
359.324972863844
356.313098191723
357.691435167105
359.224708797679
358.453985491754
358.008533366707
356.859027496280
358.595579300216
357.966776569683
356.659695265816
359.401860489908
357.995421671300
359.071876403078
359.380366560293
358.681120624812
359.064400074016
358.861313819039
358.708107277165
359.266457446085
358.854705433692
354.333302494991
359.216931735697
358.305080142160
354.926923565107
359.677534550291
358.284294556049
0.889859469982184
359.833089912954
1.15978038176013
0.900197702675584
0.461500717631225
1.05081397442603
359.913588019279
0.0800382601081964
359.999478193222
359.788209101639
0.752242916700254
0.0711641564326300
1.28326624698980
0.839208076565527
0.696541206444181
1.17510482942208
358.388318056317
0.765426641610517
356.492886870648
358.414948102445
357.461254787247
356.812072727770
354.360366388785
358.488715717424
358.157198013399
356.192366793810
354.599231205452
358.352326122984
357.717092088850
355.993561036934
355.976148112001
357.970646144180
358.294044247361
355.951262407140
359.391934019523
358.298723823437
359.072054090852
359.385027645754
358.994490065544
359.064926575316
358.935123535768
358.994358629424
359.698910394023
358.932883590500
356.305586461395
359.659053561877
358.696169005307
357.008815190779
359.364179225385
358.685179661549
1.17599512381190
359.443235092478
359.708971242624
1.27563554660975
0.859222474651006
359.655489835995
0.529189708569447
0.426829839467572
359.319609317442
0.316790666966554
358.731355551827
359.327548514474
0.0146186150552126
358.725857890162
0.208365154180115
0.0127832929917133
359.209488916789
0.345599634491663
358.807703878947
359.203738120987
356.646360206662
358.835950562805
354.109094772948
356.338512756841
356.180644726343
358.229497494150
356.757334011187
358.885459553944
358.475659357743
357.013189948436
358.901864953831
358.479789370211
357.196095650335
359.195974970322
358.481158266658
359.059712341734
359.197794967493
359.014353767536
359.053859584376
358.970231895297
359.012651875823
359.055200121327
358.969793622267
0.268723554380699
359.056903137599
354.807881585779
359.925899017111
357.046406163244
355.237218826539
354.572282507737
356.637195469753
355.539335564313
354.404817182950
359.275036112441
355.815046937588
0.251049794915843
359.229227254504
359.136126699950
0.136543442984035
358.316656477409
359.137977761211
358.745745815303
358.339432402848
359.087070711184
358.744903470291
358.819223696681
359.101030504101
358.979480116378
358.823511569892
359.227498515412
358.981338955888
355.480459597122
356.338162954495
359.592059853142
356.198865504264
356.437531284395
359.432003130654
355.756255548543
356.880646597188
358.711977204140
356.224554908089
358.915503408423
358.700083075488
358.990675041273
358.913987386882
359.258247067967
358.991366145571
359.111524092779
359.236221903026
359.187368631016
359.112815522230
359.067300989806
359.187099787182
358.787930936178
359.055506887459
357.044036545699
358.819029770042
355.615426391277
356.622781466313
355.950277050135
355.661053306992
358.257963722607
356.407218343723
358.972927652728
358.368555774556
1.18905991242326
358.974373654164
0.406116205010335
1.40281947214673
359.041360792334
0.309250355181078
358.712948953204
359.039811420666
358.745870619682
358.668132256140
358.989228273001
358.752478586946
358.955463386586
358.990406986336
357.040281549395
357.431383299495
359.195168365338
357.581964364858
356.994876959169
359.160289753983
357.024412263156
357.386913777926
357.398140624305
357.425494890257
356.344390000754
357.341900033192
358.926800987820
356.366393895762
357.964573191418
358.929427748066
359.123211178231
358.072566986873
359.152451469917
359.127687258808
354.430842492949
359.152799773715
358.829258573755
355.608689969626
356.744465247882
358.835167744424
358.119315078655
356.334139240540
358.460588857519
358.098156648645
358.861742879383
358.558572015854
359.455467574320
358.883765237326
359.561924884706
359.413226940136
359.420842914652
359.635748348706
359.018832067827
359.402976073415
359.189934862758
359.018237775727
359.252569025389
359.219437924476
359.045719157209
359.244862490761
358.914952153096
359.041412200681
358.374402356565
355.656576833271
359.986583372288
358.536227514589
359.977613409076
359.888506558093
357.276816530141
359.796154337190
356.322690197865
357.712028706929
357.495147005250
356.255584313565
356.841217712603
357.556940205831
356.410104042183
356.903017408772
354.596298702470
356.768571146363
353.481473885977
354.667267617132
358.034191381338
352.962376714686
358.892314966903
358.254827192509
358.779309411269
358.888412351992
358.737738201375
358.750382696828
0.585064625898951
358.733911690479
2.75862425130782
0.353796382772430
0.850197364548649
2.34419615741732
359.197954979224
0.604026252636558
359.002501043447
359.216554056607
358.966327770570
359.002659716837
359.172343658860
358.968132650604
359.133461960746
359.199438661034
358.995859081167
359.129970549194
0.0395803901948284
358.997007719750
359.858488605740
356.242742757383
0.314270535071728
359.673733734479
358.001382335503
0.201160194949040
354.108685500626
358.182656578107
355.826542731029
355.567132498894
356.755019535589
355.824726341014
356.299549553379
356.758916977857
355.437232822309
356.374667658414
357.180646622211
355.838644684826
352.565351998260
357.099052032507
354.672630482742
353.382017542150
357.999849195380
355.610008614603
356.430882976773
357.899131538450
359.082043678972
356.204408072481
2.35358096863570
359.084843920973
359.342962951839
1.92739679934937
359.543304018848
359.297697601665
359.132818040882
359.492576491528
359.040831124782
359.144281262143
359.013579172805
359.039569608155
358.930578312503
359.013379643014
358.999117491703
358.917661069109
359.131138117347
358.999350819547
0.150284197186693
359.116071822051
359.648067501433
355.972425456504
358.829873253508
359.548521907615
356.068754825953
358.838999773717
355.919239691185
356.527018086258
354.952820575538
356.885416303977
355.069619375076
355.219543032990
354.518641831725
355.046600118574
355.038215683287
354.598944472418
354.433269935311
355.562281959615
357.207579569259
353.835048458898
356.272708333936
357.356074087994
354.366313066301
357.040285844076
357.050495090924
354.043732100970
1.12988308859389
356.878630196010
2.71521031768100
1.25846746784707
359.770516890889
2.62046660509003
359.623711926397
359.614598249217
359.213081513440
359.570978781640
358.975815224747
359.230254463438
359.027560592971
358.977492329745
359.002129279192
359.026852394255
358.982212192581
359.000439376722
358.919059800477
358.983009041434
358.610189217907
358.933083077039
352.441064112504
358.344303399707
350.131083699934
354.091063733364
351.318055204215
350.736088205897
353.859088432876
352.330726929869
355.840768972200
355.170263191557
354.216898935246
355.991389391744
356.222791880800
354.328244124999
356.037065544693
356.176685337362
355.943396172125
356.369637776367
355.511218844938
355.840570498325
353.664815386678
355.738937924544
356.369600599534
355.100870464100
358.032126467498
356.299328131693
0.402918288354158
358.015281185654
1.73770938391658
0.518682798114597
359.751166433828
1.98014648682226
359.760346834583
359.565340157588
359.203954792972
359.705989368038
359.018840379715
359.218770177825
359.020447239646
359.018666584254
359.001286923278
359.020226704757
358.972887570857
358.998992652917
358.968171823545
358.973963119415
357.074620446357
358.974979569419
329.440226440423
356.057518251570
345.060962811882
343.852554388415
350.806496026400
345.851603096790
353.270042449535
351.383765593109
352.669784867376
354.617968341729
353.468206931422
352.986336866514
352.665403669569
353.776306117575
353.948483392123
352.699930953326
354.366058026142
354.336912578105
353.290718383534
354.169985604343
354.725961387146
353.509015437086
354.909512424886
355.886289261876
357.261089847642
355.068782382691
359.586260826524
357.247178781601
359.900744836036
359.650041103943
3.44383101763640
0.0461300390706896
0.570293531850666
2.63871173768511
359.189860398356
0.394915782811765
359.039348001851
359.198488053131
358.931064798770
359.038174729314
358.995945183455
358.935308150361
358.972305449888
358.992269624326
358.933191119833
358.973485955273
359.170294360504
358.941839724964
343.361583875621
344.679345215854
351.555533993805
350.574357640692
348.370426829052
352.223830874426
351.131203052362
352.770117192658
353.448606836664
353.283312826520
353.234575191697
352.579668560582
353.458438640612
353.642222617411
352.913607207250
353.342024448535
353.975273513368
354.067848928829
353.070034569248
355.970802109599
354.281974884706
356.928053416719
356.651955258245
359.051379417460
357.099826990131
359.045364761888
359.051307179968
358.964855009311
359.047964149586
359.006799768337
358.961652148487
359.405186731097
359.008667322169
359.089124876592
359.376400262740
359.140174177164
359.092306832551
358.889774651559
359.133968295099
359.125900699155
358.897162075215
359.216244551015
359.143612659589
359.437804127452
359.211863676825
359.060718255656
359.395741828995
346.539496312014
353.666032495759
351.409052704284
351.424879065557
353.714079157821
352.081636503433
353.006996147342
354.441718384359
352.410426819740
353.638777182548
353.537169430379
352.661932360320
353.235468025291
353.805241364373
352.865703742651
353.585596074813
355.004413691710
352.816553100571
354.164519590408
355.137980899315
356.779648714127
355.357006309101
358.619399741748
356.994456194350
355.722458677578
358.603544703892
357.749173402909
355.620750312832
358.961082922356
357.606160173520
359.396464537476
358.968133408612
359.094406481685
359.375019882856
358.582554731042
359.097063704032
1.90023339532627
358.608513391763
0.488194270132908
1.97094397093417
1.18171202726501
0.665915936445472
0.873610937855290
1.15039523873863
359.102011662674
0.688634947073453
343.654792725476
354.659749271752
350.129906971407
351.553717001478
351.979749305728
351.437126168665
349.266903933448
352.666517006071
351.758354587709
350.671790550585
351.646903513634
352.007150682517
353.054338387143
351.971209715146
352.531329757405
353.185027987597
353.881450192134
352.888248787705
353.466205497654
353.823071850766
354.310722428689
355.003094938160
356.235644867910
354.995871779613
356.940221791124
355.820222201967
358.749660073761
356.928416425813
359.545981567175
358.715046058833
0.532424874780247
359.492626056900
359.293882076338
0.496029049261679
359.011999054241
359.298897795169
356.618595522404
359.014218441141
358.042214763551
356.607315562086
358.478604990676
357.898658714814
358.986586197041
358.474475144530
359.002535415691
358.988624221592
340.086858955581
355.782302422729
348.749552691588
352.101275551394
351.854833135057
350.952395300963
350.330999091105
351.924260773506
350.958867081603
352.004847805062
350.930721654265
351.349223778317
351.689729019983
351.537021752714
350.682470595446
351.720562759387
354.239340692314
351.484221722969
355.927182225125
353.834501228985
354.719539725002
356.635918265497
354.930750481485
355.612324825299
357.754376249321
354.520617897737
359.346683876524
357.705038578497
359.987613780638
359.393610240044
1.42391000101566
359.878976527632
359.439801051042
1.54389860461515
358.786150366499
359.427536546417
358.422747135075
358.812089006121
358.969806956397
358.447028008952
359.158437148100
358.961011881349
359.069036779526
359.158371899706
359.038895165265
359.067064048961
339.625706320205
351.437737065949
348.105593353217
353.002442813114
350.371228751304
351.443248928989
349.959040395628
350.357610201190
349.063975948171
351.598394046396
348.078501703823
349.957570095994
350.726079139389
349.309658627136
350.957776383122
350.317554721539
350.326834507895
352.073938560330
353.143933568025
350.376359827581
354.349693945207
353.974846019568
356.145123975563
355.226433129268
358.063162682378
356.028290332719
357.512820599922
358.017332538338
1.33013552912445
357.336511816765
1.01070834997529
1.20082961038052
359.321550683177
1.21907744910030
358.771884071596
359.303567670328
1.66521899745601
358.800560436860
0.0728823342624878
1.72448831042136
359.033824623980
0.165057018186715
359.022153800117
359.033824623980
358.931841016472
359.022762917162
344.328221924525
348.656122918693
354.031371468830
351.384616179787
352.473507488093
349.625502532373
351.488865920290
348.028243055587
351.214293472326
348.859929908159
349.284445420015
346.786669551879
350.349105428040
349.707432158691
347.252084128512
350.551412420502
350.250126183779
351.041255635849
351.042024238600
357.333312849693
352.222993767726
358.193777297858
357.510842035747
357.538021013994
358.187980125663
358.280137665942
357.473029619648
1.49011023487668
358.260176010864
359.303756348871
1.57118975725219
359.014782315527
359.328969798083
359.649785087245
359.016010184003
356.241554476036
359.550776520174
357.461510301075
356.286438826731
358.815139873487
357.219028827555
359.089892027782
358.812313733592
0.162965461720773
359.087650554231
351.224819134994
355.830518861246
351.160293770861
354.492401632130
351.659716907492
351.529232285736
350.047369924717
352.466885380873
347.910505474774
351.417702750126
344.599335991286
349.534173577404
346.168651696213
347.049535950094
346.755769381229
347.192465682126
350.376028688194
347.557082303622
353.314415475955
352.081501688071
355.213151148195
353.854578685806
356.630873112232
354.998851439939
357.649662618998
356.478921134183
354.632534615613
357.691258538889
357.157255491559
354.547185514339
358.858109706534
356.829769948193
359.515727275358
358.862486391284
359.179633708249
359.480923950810
358.819487804459
359.172428160792
359.557000958042
358.797770318145
359.733266809098
359.570204099243
0.484937283191414
359.688279208514
354.316330647934
354.826825175647
353.473627077132
356.120434716642
350.614077022955
354.066093084340
353.014519818284
351.709844227421
352.230116100907
353.384626782891
349.330232881887
352.784347518513
345.471037393912
351.448625732967
343.264246906550
347.882243423485
348.536709806031
346.292106597140
351.148760124133
350.437760319624
352.117732167329
352.003644853791
353.719253126457
351.992632027093
351.056950528049
353.328641659946
355.936206272241
351.115238190792
356.058678631978
355.721481733756
358.800548534967
355.686670715213
359.563815655277
358.791781924457
359.285520413604
359.539375143570
359.701471891707
359.273606570730
0.654461378016549
359.760346885762
0.797211584499564
0.728228854543588
359.940466398175
0.652134053124584
3.64337903101966
354.779737999586
2.53222103743570
2.85333419363805
0.450708558817666
2.37844299624567
2.16293807685605
0.169523891834928
4.04279204913814
2.21603852542833
357.497114715732
4.26135055694788
346.881818357201
357.907505469287
337.863839458351
350.461227753115
342.370517638533
346.071358652331
344.155655429030
346.441611788947
342.815435190969
346.335161617140
344.455505509078
344.165494551301
345.054372437002
342.578711983108
347.423053857036
345.948417346483
352.731196532067
346.378130668951
355.750779401019
351.526182782147
357.477496227598
355.360217480523
359.416956562824
357.461879701243
0.0722905232095172
359.412622462363
0.111972768619921
0.156872221841653
0.860551861716544
0.157352492192786
359.781402624681
0.774707779203979
0.984612805347581
358.837543186769
4.78360508108767
0.759736960760051
6.72605246804812
5.53212738833517
9.13764288613493
5.10915950638062
9.43750738013137
10.1600099967959
4.05995552173556
11.6756519916825
350.584660572198
2.67571188451088
335.878591041725
353.361744625959
326.194022335114
348.155814269392
329.866019703353
340.703644151318
331.408457129442
336.526009099631
334.628122632895
335.687082858060
336.754601478093
333.356123829481
343.413352831843
337.455414780696
350.321656158354
342.375662754184
352.381780357130
347.984726478749
355.979899526261
351.272308504236
0.509678155017582
355.764252167617
359.988137624493
0.648789318396979
358.724342533622
0.0489463241265753
0.172883368008968
358.728125855235
0.611733748189351
0.190651423151479
8.20575178849214
0.928214772022201
13.0780784768825
8.06327651904729
20.6096304293319
17.3344346574394
17.1099899492468
17.5855897231077
14.0546556824521
18.8503395807756
10.1030237416371
17.3143048032288
357.866943621605
6.84273255613390
347.715281135982
358.177556681060
329.344241622821
352.871386960804
333.862901732893
346.322581541193
320.434619022308
342.233434117664
337.983561653654
335.033223883497
338.571419581722
337.007755368143
339.036393375541
340.730795236073
348.054918330024
341.264892576979
353.417100467424
344.589029212545
356.501814708007
351.936032198820
358.368064572348
356.360515256041
359.144771556442
358.250840029247
359.130014427990
359.156614258813
359.557987784199
359.126196852399
0.409774564337397
359.565962609586
351.988701163425
353.242192062205
5.67506588504909
353.480760547729
15.7552643979605
8.82010190737407
17.3140312943584
18.3722841447243
22.5790215680601
22.9174632377523
35.0799076679031
34.9126326174068
27.9627876992747
30.1136336042120
7.96409067194907
16.1628542564367
354.554757436930
4.51113665591251
348.658974144457
357.308884305117
340.057607635971
350.729577016929
343.560798624962
350.731533197935
344.787322376268
345.338180002122
345.126831416697
346.083255348462
351.825110916827
348.464482747950
353.804978292164
350.516481016324
356.548986694723
352.633513473533
358.441115424467
356.297775658533
358.978308088045
358.313827205130
1.05438480768066
358.966971200705
359.619812863897
1.04241357469778
1.47814550066926
359.595158559234
356.124082508961
4.34133944436474
357.383169595298
12.1340115847385
6.10134794668547
20.1096361927779
18.8224842184726
28.9634465164582
29.1083001968380
45.7354096385753
44.3192755759279
56.1665229507298
51.0212833615497
42.7167184647521
39.1412785367352
23.3518344325561
23.2464894764765
4.87717171382371
11.1687874347274
359.291126769446
3.69687475251745
353.106694355332
359.158880709227
354.517315714443
354.471978811455
352.793008133535
354.858371132531
353.467274028541
354.859192154832
354.643536522418
353.104916673927
357.495626560203
353.948430520216
358.535658740379
357.283512619167
359.132863575484
358.418074149805
358.270348214199
359.140783906287
358.912423680581
358.262745005704
359.346134122956
358.923475050617
6.73785257965369
4.48943161062547
12.0935202471976
7.88486412936908
21.1770592290404
20.1440030513278
33.3556518610467
33.3240414428060
55.6328982435603
49.8942638802457
65.0651701872663
59.1195676806760
52.5803737634060
53.3335754875417
32.7804439603493
32.7184740212439
22.3647256043444
23.5900656450009
15.7597757605189
18.2133496862565
2.59915308420909
6.59622264061618
1.75402654017699
1.47003538130738
2.53350683645022
1.69296353539498
359.757830879606
1.51664431837260
358.923989494603
359.744525243336
359.154227838672
358.918264425609
359.267155970095
359.164274427055
359.346646278503
359.309690909889
358.155279659987
359.384375141253
359.449489956620
358.189470720309
359.344310995364
359.427900933240
9.13902862188996
7.46138809106344
8.97007469648597
16.1682683428015
11.2807687077128
35.5018044062162
34.9494563771461
55.0968747749624
56.2393206727461
66.6047081326159
68.9091909736539
56.0473672237983
58.1070728570422
36.1257422299430
36.0405418877206
27.3735182447950
28.2653892340133
23.8903555672617
22.0555188004475
14.1565357219752
14.2436086548870
9.39768474017848
9.33992347170604
8.21956955194509
8.95873002268938
4.19891391122400
5.70028295705944
3.36246721765156
3.97915928064351
2.05749043760386
3.43574521080694
0.963650658818096
2.24286233682678
0.523491319411164
1.27342493980557
2.09520391196503
0.734863012128571
2.00186286578071
1.99595341571377
359.559772248095
1.84533090427236
50.0137052781689
51.4006400946796
61.6074436427333
54.2330024443360
56.5067687189041
39.8497157762619
39.3667711915239
33.5238702611635
33.6061603942106
29.9567018033645
29.1704146720702
23.3942349738833
22.4944348163858
14.9246848370328
17.2460978214983
13.5160687794009
12.9717979595937
7.95228170737215
10.3471539002777
5.56267092726074
7.02298827981454
4.82013580717450
5.62388790326158
4.35423757600046
5.23924141676970
3.84777629026814
5.17212730705556
2.47633614725726
4.13203506562586
3.12749830901430
2.20942281981610
3.33284670646373
3.26357007260367
52.0764056511762
38.2722464869474
39.4501499305463
32.3038172942577
31.8992140477253
32.1518151155682
32.0182432387271
24.9250640668679
25.1115709056093
19.1820985686393
20.2969776099137
15.6934353741365
15.2135356663344
12.1428861603101
13.5374230126027
9.75025417949638
10.6558623684247
7.93358729908670
9.75452078892172
6.03964492742369
8.22853858270889
6.91845724078007
6.85801132585458
7.52385841622316
7.80446693612998
5.84479080431646
6.59827982981616
3.02035788271525
5.89182465864435
28.6550743259737
26.6057111225406
25.6650658232502
23.3750683173367
23.3972642581766
20.9236382899406
20.3231547002493
17.1778503385558
16.9765350074891
16.1275186859049
15.9416674425381
13.5248394462040
14.8709826160303
11.5892847531179
13.5743339227244
10.1012837035787
11.8658394407281
8.83965453189114
10.5581932135510
8.97992011493955
9.37813396000753
6.74558818415767
7.98619230935823
5.01255603603028
7.15246040345102
23.0535675026557
18.8493404077117
18.5899225752604
18.0559868650462
17.6256505798418
16.1793656339544
18.1565290798809
13.8113767619238
15.8417813536794
12.7443773824413
13.7417883123748
11.8018967710306
13.5786636348421
12.0818991113717
11.7288375313368
10.5598856072770
11.4473919369245
11.5651409015394
10.9909160538057
13.1720216339480
12.3792330127400
15.4124501296268
14.7198622525387
14.8192736845400
16.5587759801777
15.0517313214981
15.5866627979673
15.1544375191535
14.3630705130510
13.0446460701725
15.4674417267196
6.51126754143638
12.4262842363141
7.76578082767753
16.7199581640765
16.0496239312784
16.4465863010270
15.9283752190085
16.0770859202538
19.2047282884347
4.17779291540825
8.25343534501570
3.80958541773995
13.6512418586176